0-3909|2, 3, 353, 335, 396|49, 2, 1589, 47, 45, 6, 52, 5, 26, 97
1-570|45, 462, 280, 466, 634, 467, 40|22, 107, 467, 466, 462, 40, 45, 280, 634, 226
2-174|73, 1254, 472|73, 254, 472, 471, 470, 469, 149, 62, 171, 188
3-5|459, 462, 460, 0, 22|473, 22, 332, 21, 3660, 336, 20, 64, 0, 331
4-314|107, 462, 468, 40|107, 40, 280, 462, 468, 49, 94, 47, 542, 79
5-1662|1886, 13|49, 13, 645, 1886, 1060, 171, 47, 107, 14, 93
6-124|409|14, 144, 1129, 188, 29, 2213, 189, 1870, 582, 1037
7-1889|695, 696, 52, 697|52, 713, 1540, 697, 696, 695
8-430|698|698, 49, 106, 141, 68, 107, 47, 1545, 1631, 122
9-1016|247, 482, 704|700, 554, 645, 349, 941, 40, 926, 163, 553, 247
10-364|85, 102, 5, 6, 14, 760, 322, 761, 528, 771, 772, 529, 762|14, 6, 5, 85, 529, 322, 32, 528, 30, 941
11-7|8, 87, 25|773, 8, 373, 25, 129, 87, 685, 27, 26, 24
12-1238|775, 463|463, 776, 775, 26, 713, 1111, 1112
13-1438|14, 529|130, 32, 14, 582, 188, 767, 1094, 475, 1203, 1183
14-1262|616, 339, 354, 484, 820, 464|32, 354, 616, 221, 189, 116, 3692, 2756, 1105, 618
15-1149|446, 47|47, 49, 446, 45, 342, 1040, 1049, 35, 50, 14
16-1490|1210|342, 1210, 517, 634, 503, 1514, 239, 1205, 903, 14
17-69|784, 45, 785, 225, 254, 29, 778, 786, 787, 83, 788, 170, 372, 789, 791, 717, 128|49, 45, 254, 372, 128, 925, 778, 717, 791, 789
18-808|793, 128|128, 793, 368, 582, 870, 46, 130, 189, 1004
19-1936|18, 79|79, 2, 362, 347, 144, 29, 113, 189, 582, 319
20-4116|1173, 189|735, 6, 1094, 1100, 94, 500, 1015, 926, 79, 14
21-3508|957|933, 35, 402, 156, 1015, 937, 936, 305, 935, 957
22-109|6|5, 797, 958, 248, 141, 6, 401, 207, 1060, 645
23-271|254, 42|254, 791, 32, 733, 85, 15, 42, 26, 153, 377
24-233|59, 369, 246, 370, 371, 376, 79, 372, 47, 373, 374, 375, 49|47, 85, 49, 372, 45, 126, 103, 402, 282, 6
25-3785|2094|618, 27, 567, 222, 88, 659, 2468, 735, 946
26-2493|963, 736|49, 731, 582, 1808, 378, 547, 84, 48, 135, 32
27-1057|1003, 641, 484, 655|189, 1005, 32, 82, 167, 30, 641, 482, 258, 634
28-726|730, 1031|49, 5, 1243, 730, 163, 1037, 1245, 1094, 1631, 1912
29-3911|107, 595, 2551|47, 2551, 595, 1036, 35, 206, 107, 1032, 1034, 596
30-870|869, 85, 596, 1035, 68|869, 596, 68, 85, 1035, 49, 37, 371, 35, 388
31-484|1040, 611, 602|14, 968, 1040, 44, 1042, 602, 32, 30, 5, 6
32-1209|141, 247|247, 254, 246, 45, 6, 1044, 127, 266, 14, 106
33-857|793, 857|857, 1046, 903, 1045, 47, 49, 14, 68, 856, 855
34-1904|242, 863, 23|47, 863, 242, 1716, 1715, 713, 23, 1049, 645, 446
35-1232|367, 308|402, 1051, 1079, 952, 128, 728, 112, 1053, 510, 592
36-217|355, 122, 246, 35, 356, 357|246, 1040, 93, 213, 1054, 298, 47, 357, 356, 122
37-2082|721, 206, 397, 5|583, 5, 206, 397, 124, 163, 64, 35, 171, 553
38-1542|305, 522|305, 1068, 875, 936, 1067, 952, 1065, 1064, 445, 106
39-1187|863, 91|91, 45, 242, 254, 794, 469, 1556, 26, 52, 881
40-722|1085, 1101, 707|1085, 707, 913, 5, 14, 171, 208, 1094, 2134, 103
41-656|282, 353|698, 282, 353, 1104, 1103
42-2087|107, 1121, 542, 47, 5, 49|800, 49, 542, 47, 1044, 113, 64, 5, 94, 1117
43-2472|715, 1835, 806, 1837|893, 252, 418, 6, 1597, 1837, 1836, 207, 35, 620
44-1985|654|717, 26, 970, 3696, 1399, 3692, 1616, 35, 653, 652
45-1770|247, 1060, 939|1060, 206, 926, 14, 31, 29, 208, 1094, 1901, 1266
46-801|582, 1183|1183, 582, 965, 1309, 1094, 245, 551, 189, 319, 1292
47-212|343, 348, 85, 154, 2567, 1185, 147, 970, 64, 422, 296, 1190, 22|970, 22, 343, 344, 342, 341, 147, 1341, 107, 297
48-233|47, 353|47, 49, 92, 242, 353, 114, 23, 78, 67, 374
49-1422|172, 672, 4, 5|672, 183, 4, 1297, 645, 608, 5, 172, 1060
50-526|247, 621|14, 47, 359, 578, 1195, 106, 189, 247, 5, 85
51-602|1197|1197, 47, 423, 1218, 360, 1217, 50, 49, 253, 717
52-4083|2553, 467|3615, 2782, 2781, 715, 207, 47, 1199, 103, 6, 654
53-14|114, 1200, 609, 49|49, 1200, 246, 247, 665, 408, 48, 47, 46, 242
54-83|567|126, 567, 488, 858, 45, 49, 35, 47, 153, 511
55-1289|141, 45, 733, 242, 167|242, 68, 800, 45, 6, 614, 1046, 342, 1201, 446
56-653|14, 22|22, 40, 84, 227, 170, 582, 363, 698, 111, 64
57-1477|1202|1202, 1923
58-1189|1077, 282, 342, 45, 32|207, 35, 1077, 179, 1383, 282, 45, 342, 32, 1078
59-109|645|5, 645, 1203, 130, 6, 1060, 1208, 14, 60, 1204
60-2661|179|1923, 340, 2699, 2695, 254, 45
61-1222|707, 217, 1893, 1102, 110|14, 1102, 5, 425, 707, 645, 898, 1213, 1212, 517
62-2076|117, 107, 83, 79, 47, 68, 49|47, 423, 1218, 45, 246, 79, 163, 17, 59, 117
63-3503|1053|826, 1053, 605, 354, 302, 32, 64, 339, 258, 508
64-1866|898, 706, 1543, 717|796, 795, 1758, 2836, 592, 1543, 943, 655, 898, 906
65-1542|1068, 305, 936|1250, 305, 1068, 875, 936, 723, 1251, 206, 1252, 645
66-361|61, 1689|47, 61, 6, 1427, 63, 45, 72, 524, 114, 49
67-456|79, 84, 278|64, 68, 21, 84, 22, 79, 655, 368, 1634, 1704
68-632|106, 305, 936|305, 106, 936, 952, 1260, 684, 163, 685
69-407|50, 51, 487, 1074, 5|189, 5, 487, 52, 50, 580, 794, 51, 696, 501
70-3875|239, 249, 14, 1678|2579, 305, 952, 106, 1068, 111, 1067, 1261, 1065, 1064
71-607|62, 1266, 560, 1268, 311|560, 1266, 1265, 2, 512, 14, 1268, 311, 297, 102
72-1370|271, 1274, 225, 963, 812, 500, 273, 1150, 1181|1150, 717, 812, 225, 1274, 906, 1404, 1410, 1916, 1149
73-1966|1285, 1281, 1284, 1280, 1283, 396|1283, 1280, 396, 1284, 153, 1285, 1282, 1281, 1279, 655
74-4039|1286|1286, 2749, 2741, 184, 1110
75-2467|1368, 1588, 1292, 1294|1289, 1294, 1307, 1588, 1833, 1457, 1368, 1675, 1292, 582
76-918|687|371, 517, 1485, 354, 342, 266, 6, 208, 608, 65
77-3340|426, 388, 1332, 553|47, 2, 426, 32, 553, 1094, 1956, 1038, 1313, 49
78-984|1207, 768, 85, 198|198, 768, 5, 891, 683, 103, 29, 6, 85, 1207
79-381|117, 79, 213, 357, 457|79, 1297, 84, 357, 213, 117, 40, 1809, 318, 1807
80-1028|41, 39, 5, 6|39, 206, 242, 933, 6, 5, 41, 65, 26, 963
81-1527|141, 45, 254, 1426|68, 219, 1255, 93, 11, 121, 85, 103, 141, 254
82-110|50, 51, 52, 175|52, 49, 6, 5, 323, 671, 645, 751, 372, 35
83-1105|1339, 1337, 1023, 13|1337, 1023, 13, 1339, 14, 383, 1802, 1604, 117, 45
84-1475|1341, 188, 22|1341, 22, 582, 2630, 40, 84, 14, 13, 188, 6
85-2443|1811, 582, 703, 655, 1534|582, 1811, 655, 412, 1809, 651, 1807, 414, 645, 171
86-268|49|49, 1147, 768, 5, 1347, 47, 1037, 63, 2, 22
87-1641|254, 604, 556, 1219, 26, 42, 1259, 124|26, 1259, 1427, 319, 1355, 254, 1353, 170, 239, 1348
88-323|65, 84, 40|79, 65, 40, 84, 14, 1148, 721, 479, 478, 107
89-2531|498|98, 1350, 939, 262, 113, 86, 1090, 1352, 105, 14
90-3948|239, 324, 855|1094, 1353, 254, 45, 170, 106, 76, 379, 377, 311
91-427|106, 1077, 1060, 1201|47, 246, 49, 45, 5, 1373, 35, 353, 247, 130
92-3302|1240|965, 1387, 1094, 517, 342, 1389, 892, 1347, 1388, 815
93-1744|354|29, 833, 189, 2829, 917, 335, 354, 3692, 1454, 1390
94-3884|117, 2, 1392, 6, 1393, 1212, 756, 5, 660, 746|3611, 280, 348, 1391, 14, 1393, 1392, 5, 106, 746
95-1145|6, 1099, 5, 418|645, 49, 47, 35, 1048, 715, 926, 1798, 2671, 6
96-3948|401, 298, 239, 103, 85, 962, 2977|1094, 298, 401, 1199, 85, 103, 1396, 1395, 579, 1394
97-388|30, 32|189, 735, 717, 32, 273, 1274, 271, 824, 482, 500
98-780|247, 1397, 645, 14|645, 14, 13, 189, 3694, 267, 461, 3692, 85, 1181
99-1953|1398|116, 354, 1398, 221, 189, 3697, 3692, 616, 207, 282
100-1424|1401, 323, 5, 6|1401, 323, 311, 14, 1094, 1060, 6, 5, 926, 264
101-2402|181|1345, 512, 1323, 113, 1099, 50, 106, 117, 124, 669
102-2027|1416, 60, 774, 206, 1419, 1413|1411, 206, 774, 256, 47, 64, 39, 1266, 654, 1017
103-2015|342, 38|45, 64, 253, 35, 1608, 1606, 1039, 388, 5, 26
104-804|748, 1437, 339|1435, 1187, 1437, 339, 603, 1433, 32, 1470, 1469, 1468
105-3882|1440, 107|98, 14, 717, 286, 970, 267, 1399, 461, 3692, 85
106-460|432, 588, 589|1443, 1442, 589, 588, 432, 1444, 966, 72, 339, 2213
107-2486|1448, 1762|47, 1453, 1434, 1844, 1435, 1845, 49, 126, 45, 1129
108-1282|565|903, 565, 1556, 811, 794, 641, 266, 1108, 631, 902
109-1210|1080, 107, 952, 1462, 1091, 14, 1460, 1466, 1092, 1067|952, 1092, 1081, 1091, 1079, 107, 1466, 2689, 98, 282
110-804|1469|1435, 704, 1470, 1469, 1468, 206, 582, 1158, 1467, 808
111-1360|1580, 1144|1471, 13, 1144, 5, 6, 1136, 189, 1473, 14, 230
112-1541|137, 2, 935, 1475, 6, 305, 111, 98, 936|305, 111, 1475, 935, 98, 6, 1962, 2, 137, 936
113-3331|231, 14, 898|14, 1094, 49, 48, 47, 46, 898, 231, 1477, 1476
114-816|340, 810, 32|340, 112, 517, 353, 128, 628, 32, 810, 781, 809
115-934|1510|1492, 527, 965, 898, 1389, 2114, 906, 1536, 1478, 1489
116-971|903|863, 903, 98, 820, 290, 1105, 219, 1045
117-1597|114, 188, 47, 49|49, 1331, 47, 246, 163, 176, 94, 409, 542, 188
118-845|845|845, 47, 5, 810
119-407|1797, 52, 557, 5|580, 52, 5, 50, 487, 470, 1074, 1129, 1525, 424
120-1583|1526, 133|47, 2519, 498, 116, 2, 1312, 1313, 1526, 1027, 29
121-1571|64, 6|6, 1781, 64, 1099, 893, 39, 674, 717, 582, 171
122-205|21, 64, 155|22, 64, 27, 659, 345, 1529, 621, 1528, 14, 904
123-850|50, 142, 14|156, 14, 50, 65, 29, 142, 242, 1528, 847, 147
124-639|59, 499, 49|47, 499, 49, 14, 6, 1776, 1775, 1077, 1489, 1503
125-1873|1900, 63, 32, 26|63, 32, 1094, 1531, 79, 179, 144, 29, 378, 992
126-719|241, 13, 1060|13, 1060, 14, 241, 707, 1032, 593, 247, 16, 624
127-4161|1037, 1267, 1032|1540, 3674, 1238, 2832, 582, 795, 1550, 794, 484, 48
128-256|725|14, 1094, 22, 336, 49, 1551, 735, 372, 926, 517
129-615|673|673, 1300, 1553, 1338, 32, 1552, 905, 920, 659, 618
130-948|903, 266|903, 917, 266, 897, 15, 342, 180, 634, 367, 1555
131-385|94, 419|94, 79, 543
132-3564|107, 1557, 1564, 1099, 498, 1566|47, 1557, 1099, 498, 1564, 1566, 634, 107, 2170, 2161
133-1914|835, 2801|835, 1199, 620, 910, 2617, 344
134-1255|1547, 1347|1389, 2114, 1109, 863, 961, 242, 228, 1347, 1569, 354
135-938|915|915, 2189, 299, 565, 737, 1045, 634, 1293, 712, 1266
136-1421|1582, 645, 939|50, 939, 6, 5, 14, 645, 717, 970, 3694, 267
137-1188|93|93, 254, 881, 64, 388, 49, 2, 1157, 246, 794
138-396|29, 337, 313|618, 932, 409, 644, 13, 1148, 144, 29, 335, 1590
139-4302|3642, 1352, 3643|3643, 3642, 13, 337, 107, 224, 1110, 920, 659, 645
140-448|49, 1050, 1382, 79, 388|49, 79, 47, 1382, 388, 59, 38, 1050, 130, 78
141-1193|1595|14, 141, 167, 369, 1597, 402, 728, 1595, 5, 198
142-4054|282, 620, 2621, 2607, 1942, 1157|2840, 2663, 620, 39, 354, 654, 1390, 1600, 974, 1454
143-4352|8, 685|1259, 1354, 615, 666, 8
144-1147|774, 206|863, 206, 228, 39, 1266, 774, 223, 181, 1346, 1699
145-1023|72, 1406, 98, 221|40, 3620, 98, 41, 3640, 3635, 3634, 3627, 3626, 21
146-1546|1283|1283, 1280, 1281, 1053, 32, 2108, 2107, 733, 117, 396
147-1517|208|208, 796, 1389, 2114, 52, 1697, 1694, 5, 369, 986
148-1704|112, 14|14, 645, 514, 676, 673, 113, 1753, 587, 286, 1060
149-1777|29, 85|1094, 1471, 1386, 1079, 486, 891, 98, 1385, 302, 1603
150-804|45|1435, 833, 1370, 32, 68, 806, 1026, 920, 402, 1079
151-3508|1613, 1604, 85, 649, 402, 35, 103|45, 35, 402, 156, 1015, 254, 1605, 252, 154, 1604
152-2028|1606, 466, 1610, 1608, 1029|1608, 1606, 1610, 1425, 1029, 466, 1630, 253, 1613, 39
153-435|2151, 47, 68|47, 654, 64, 206, 1629, 1077, 45, 49, 253, 46
154-3457|107, 1606, 253, 1608, 1425|1425, 1608, 1606, 103, 85, 45, 800, 298, 342, 254
155-525|107, 1631, 1090, 47, 49|1631, 49, 47, 1090, 1698, 542, 620, 497, 14, 1632
156-1344|1649, 135, 47|47, 135, 2688, 1125, 876, 1640, 1637, 32, 113, 791
157-66|123, 311, 20, 366, 278, 21, 64, 127, 124, 22|127, 22, 123, 64, 21, 20, 0, 311, 396, 2809
158-2044|6|6, 14, 977, 1647
159-2094|193, 1717, 177|1763, 1762, 177, 858, 85, 1655, 1361, 254, 629, 365
160-1607|188, 189|5, 188, 144, 29, 2, 189, 31, 986, 48, 206
161-1285|335|254, 1425, 748, 124, 45, 546, 1354, 1117, 170, 1356
162-222|85, 726, 14, 361|704, 717, 1137, 254, 85, 645, 361, 14, 45, 1094
163-1921|341, 154, 1665, 40, 344|1665, 644, 2, 835, 5, 6, 308, 1664, 1663, 195
164-1384|485, 206, 1666, 105, 1236|1666, 206, 1145, 1183, 582, 732, 32, 1060, 105, 1236
165-3566|128|764, 1667, 189, 717, 425, 917, 461, 335, 3692, 85
166-829|803|112, 803, 806, 354, 802, 782, 353, 517, 153
167-3875|239, 249, 14, 1678, 936|2579, 409, 644, 645, 79, 1145, 1678, 1677, 354, 511
168-156|171, 94, 41, 206, 1706|1698, 206, 397, 5, 3691, 44, 41, 227, 645, 572
169-1216|1714, 1081, 1713, 1466|1711, 1466, 1092, 1081, 1096, 1080, 221, 47, 15, 32
170-1097|715, 852, 39, 206, 645, 1715, 1252, 5|1715, 5, 206, 39, 1060, 1067, 723, 852, 305, 1068
171-868|400, 1621, 47|47, 371, 45, 1720, 1719, 6, 2, 50, 1717, 1718
172-168|6, 5|5, 898, 14, 6, 231, 645, 707, 618, 189, 13
173-471|546|546, 126, 45, 49, 47, 371, 511, 102, 542
174-2369|142, 342|342, 142, 631, 1111, 1455, 266, 776, 815, 24, 1275
175-2378|1755, 1751, 1347|1347, 1751, 2682, 1761, 768, 1752, 1750, 1755, 1754, 1753
176-2343|239, 659|342, 659, 239, 1111, 142, 631, 266, 776, 815, 24
177-2182|1111, 1757|342, 1111, 631, 142, 776, 1455, 266, 24, 815, 1275
178-2362|1755, 1761|14, 1347, 1751, 2682, 768, 1761, 593, 507, 251, 92
179-3319|810, 582|582, 2150, 189, 319, 806, 805, 832, 32, 239
180-3819|1590, 976|1764, 968, 2545, 2544, 1453, 976, 1768, 1767, 1445, 63
181-890|50, 228, 713, 879, 887, 1426|228, 879, 887, 50, 342, 242, 1653, 895, 1300, 905
182-2412|354, 1099, 237|49, 237, 1099, 354, 2224, 1769, 1129, 1077, 1777, 47
183-895|659, 1787|498, 582, 325, 702, 342, 1786, 1785, 732, 1037, 1787
184-4352|1790|52, 1790, 1265, 713, 113
185-2394|107, 595, 869, 1791, 2296, 455, 843, 1036, 47|35, 107, 1036, 596, 595, 49, 1773, 130, 687, 843
186-1891|246|47, 246, 49, 794, 1796, 298, 1394, 1590, 1434, 35
187-651|52, 308|52, 92, 2680, 787, 697, 696, 695, 14, 370, 1797
188-2059|764, 1267, 567, 1800, 1801, 1667, 706|567, 706, 764, 1667, 1800, 1801, 1267, 1671, 325, 65
189-2425|239, 446, 1789, 1210|1789, 659, 1210, 57, 342, 446, 511, 905, 491, 759
190-135|62, 1762, 638, 409|6, 62, 122, 47, 357, 215, 2104, 1691, 3658, 1094
191-161|1803, 781, 217, 240, 241, 13, 54|240, 49, 13, 1028, 241, 14, 117, 6, 1803, 47
192-551|206|206, 47, 645, 45, 14, 1805, 50, 397, 5, 163
193-4159|1558|746, 649, 1558, 298, 103, 446, 891, 498, 863, 1099
194-29|141, 79, 1808, 42|1808, 68, 72, 74, 26, 76, 67, 79, 42, 15
195-3532|141|68, 1602, 103, 298, 1818, 1817, 1346, 1016, 248, 1426
196-2459|1821, 1207, 1820|1822, 52, 1819, 1821, 1820, 1207, 1240, 1426
197-1968|52|1240, 52, 1822, 1819, 1820, 1426, 208, 47, 6, 68
198-4353|117, 306, 971, 84, 64|306, 117, 1060, 6, 1830, 1829, 171, 1831, 14, 470
199-4353|214, 971, 405, 84, 64|45, 6, 501, 47, 126, 306, 2, 15, 171, 599
200-245|120, 88, 140|1675, 2577, 117, 396, 140, 120
201-1561|1833, 550, 1298, 1294|1833, 1299, 1298, 1297, 1296, 1293, 107, 1834, 1294, 1588
202-4354|1434, 1590, 836, 2634|35, 1836, 1838, 970, 207, 1840, 1839, 574, 389, 1130
203-1989|45, 342, 35, 654, 2382, 68|35, 253, 68, 654, 1836, 970, 353, 1841, 1199, 1038
204-2488|1448, 1845|1435, 858, 177, 1434, 1448, 1453, 1845, 1433, 596, 1846
205-3599|1450, 113|858, 753, 1434, 1453, 113, 2235, 1129, 2213, 488, 353
206-758|378, 1808, 582|1808, 582, 732, 239, 484, 189, 721, 94, 378, 1849
207-17|14, 49|49, 59, 45, 629, 163, 17, 38, 1196, 14, 247
208-2486|1344|1453, 1434, 1844, 1435, 1845, 631, 1344, 1766, 48, 49
209-2055|64, 596, 29, 858, 335, 64, 250, 64|60, 858, 2593, 1659, 64, 6, 29, 277, 1256, 154
210-341|50, 51, 493|51, 50, 493, 79, 144, 500, 1853, 29, 175, 623
211-234|377, 378, 254, 1854|254, 377, 1854, 153, 379, 65, 1353, 380, 26, 49
212-3889|1828, 1129, 1855, 149|149, 1888, 2599, 1330, 2600, 208, 1855, 1129, 1828, 1147
213-1773|254|254, 808, 124, 313, 469, 1009, 388, 1797, 1239, 1129
214-3122|669|965, 2777, 2692, 669, 1523, 62, 80, 308, 377, 26
215-2983|732, 582, 1862, 470|965, 1676, 553, 1094, 582, 583, 1667, 1862, 171, 1869
216-1461|1554, 666, 556, 32, 365, 1043, 632|35, 470, 2601, 582, 576, 1183, 49, 188, 122, 253
217-1601|48, 1667|1870, 49, 1956, 1955, 1148, 1787, 1037, 48, 1656, 986
218-2398|1077, 219, 114, 1769, 47, 49|47, 114, 1077, 49, 219, 1769, 45, 26, 1798, 2671
219-404|963, 1878, 404|963, 404, 221, 66, 479, 6, 40, 278, 107, 295
220-4160|654, 1881, 1447|449, 466, 2061, 1882, 1881, 654, 1880, 339, 1590, 1879
221-3329|1884, 1650, 1173|47, 1650, 756, 14, 1173, 1060, 13, 247, 1576, 1885
222-3880|153, 11|1060, 2594, 1434, 206, 49, 14, 1343, 13, 144, 397
223-1421|1892, 6, 939, 5|1891, 939, 245, 6, 5, 85, 14, 39, 29, 206
224-3574|935, 60, 68, 1897, 91|60, 1897, 935, 389, 2577, 106, 1029, 1610, 247, 26
225-3837|1939, 94|808, 254, 512, 35, 206, 2676, 47, 38, 389, 353
226-694|638, 3610, 3609|713, 357, 213, 117, 149, 638, 62, 3610, 712, 3609
227-61|60, 29, 1898, 372|47, 60, 29, 372, 1898, 79, 40, 154, 42, 180
228-3876|1930, 436, 46|645, 512, 638, 1077, 1079, 1899, 5, 707, 1629, 39
229-2082|206, 5|254, 5, 206, 40, 1050, 78, 638, 62, 93, 397
230-3530|1270|1094, 1270, 913, 2128, 239, 208, 103, 1052, 112, 5
231-1467|794, 1196, 38, 47|47, 59, 1196, 38, 50, 794, 45, 5, 1033, 508
232-156|711, 206, 40, 397, 5|206, 5, 397, 572, 163, 645, 48, 79, 41, 3691
233-2582|1909|1909
234-65|122, 600, 2513, 54|122, 206, 117, 39, 121, 1911, 1032, 1060, 1039, 1910
235-1402|939|546, 939, 206, 1060, 14, 5, 117, 6, 1173, 2690
236-4352|685, 713, 1914|1912, 1129, 1093, 347, 79, 60, 48, 163, 553, 1914
237-1644|370|179, 47, 1915, 1448, 170, 169, 370, 791, 1646, 1645
238-1778|707, 1472, 1917|1916, 5, 6, 906, 14, 707, 85, 717, 425, 970
239-347|14|14, 727, 266, 85, 1094, 634, 247, 728, 510, 509
240-1560|889, 6, 5|645, 119, 94, 5, 1275, 342, 6, 1148, 545, 1920
241-640|50, 85, 39, 103|39, 103, 85, 5, 1921, 834, 32, 87, 302, 1046
242-2821|1933|1932, 1923, 1933, 72, 1937, 824, 1936, 1935, 1934, 32
243-116|342, 1629|1060, 64, 45, 517, 945, 254, 511, 42, 93, 26
244-3822|736|736, 815, 2577, 171, 281, 1293
245-3312|1940, 1942, 654, 1938|1938, 654, 179, 1942, 1941, 1940, 1939
246-3311|1940, 1941, 179, 1938|1938, 179, 1939, 798, 1943, 1942, 1941, 1940
247-3310|179, 1938|1938, 179, 1939, 798, 1943, 654
248-3267|32, 32, 824, 824, 1934, 1936, 1935|1935, 1934, 32, 824, 1933, 1936, 813
249-4160|2061, 466, 449|49, 449, 466, 2061, 47, 45, 126, 371, 356, 14
250-2933|965|824, 1936, 1935, 1934, 32, 1933, 72, 1937, 278, 917
251-1625|590|1345, 117, 582, 1090, 1676, 107, 5, 1194, 676, 14
252-1531|335|1259, 189, 250, 42, 26, 12, 10, 666, 494, 377
253-781|713, 1799|3609, 198, 746, 749, 6, 42, 78, 1326, 1945, 469
254-1498|319, 582, 189|2213, 189, 582, 319, 2349, 2124, 2348, 1367, 412, 1132
255-751|240|254, 240, 1094, 1949, 163, 668, 1808, 628, 5, 1406
256-1790|1957, 1956|220, 1864, 2568, 84, 2569, 191, 1487, 1499, 1601, 1958
257-2473|3500, 35, 3622|35, 2676, 636, 2618, 181, 1836, 970, 1053, 880, 32
258-3448|2056, 2057, 1971, 2029|1970, 2057, 2056, 2029, 1971, 1983, 1976, 1620, 1988, 367
259-3430|1971, 2012|654, 1971, 2008, 2006, 2010, 818, 899, 737, 1221, 1431
260-3370|1969, 1970|1970, 1969, 1983, 1976, 1620, 2029, 367, 1988, 32, 1971
261-661|85, 32, 1988|1970, 402, 103, 575, 1396, 775, 1891, 245, 85, 1471
262-3787|98|668, 1808, 892, 490, 14, 98, 466, 163, 52, 240
263-837|32, 237|1597, 837, 838, 806, 237, 65, 6, 418, 29, 45
264-3427|179|256, 1983, 179, 1970, 32, 85, 21, 490, 156, 1620
265-3357|1864|1864, 2158, 2568, 192, 2569, 1966, 64, 191
266-1434|107|1094, 1182, 462, 14, 140, 47, 5, 6, 645, 638
267-1416|2077, 14|14, 1094, 1087, 247, 49, 2078, 1145, 94, 39, 105
268-169|369|254, 1259, 369, 390, 26, 189, 1009, 142, 124, 388
269-1629|154|768, 364, 1347, 769, 1752, 1147
270-1517|794, 198, 1420, 1697|796, 436, 198, 1389, 2114, 417, 92, 8, 12, 6
271-3476|2080|2080, 2082, 2079
272-3474|2082, 2080|2080, 2082, 2081, 2079
273-3474|2082, 2080|2080, 2082, 2081, 2079
274-234|469, 2083, 42|254, 469, 2083, 153, 379, 471, 65, 1353, 380, 377
275-2803|248, 1710, 1747|1923, 254, 666, 533, 64, 1403, 414, 1783, 1657, 26
276-3476|198, 2080|2080, 2082, 167, 198, 2081, 2084
277-269|6, 5|5, 6, 49, 181, 47, 64, 21, 20, 107, 111
278-2406|595, 35|595, 35, 47, 596, 1077, 2382, 1096, 418, 600, 6
279-276|106, 62, 107, 410, 2, 4, 122, 408, 523, 188, 477, 49|49, 47, 107, 122, 4, 477, 246, 45, 523, 117
280-1381|208, 2469|372, 48, 49, 596, 1137, 542, 47, 2085, 208, 254
281-1857|175|52, 794, 175, 623, 1271, 795, 1118, 1549, 372, 106
282-2575|188|2098, 189, 188, 929, 144, 29, 478
283-490|87|469, 14, 93, 107, 106, 42, 1857, 471, 1060, 252
284-1721|29, 1009, 254|72, 254, 2099, 851, 214, 1299, 295, 1949, 469, 93
285-3312|1450, 35, 1942, 654, 1394, 2850|2100, 1938, 654, 179, 1942, 1941, 1940, 1939, 2103, 2104
286-3817|596, 46, 2542|1696, 2542, 1347, 46, 1096, 596, 94, 1129, 1689, 49
287-533|45|49, 426, 47, 163, 45, 609, 5, 395, 59, 65
288-1508|826|826, 1053, 302, 605
289-3470|1761|1761, 768, 1347, 2200, 1751, 1755, 1760
290-1966|117, 2107, 1281, 2108, 1283|1283, 2107, 2108, 117, 153, 181, 1053, 32, 733
291-2069|172, 45, 29, 463, 683, 1347, 1059, 73, 103, 179, 5|1678, 240, 2627, 672, 186, 181, 293, 461, 217, 686
292-2090|1420|198, 1420, 206, 8, 1325, 1717, 50, 62, 1326, 6
293-1788|1114|20, 15, 2111, 65, 1114, 1507, 1505, 898, 819, 916
294-3459|35, 1366, 5|1423, 35, 184, 715, 47, 253, 1015, 517, 5, 228
295-1805|2, 79, 113|2113, 79, 582, 189, 319, 1517, 1491, 1492, 29, 144
296-3874|359|423, 246, 359, 49, 47, 2072, 1823, 2579, 1320, 942
297-2432|1457, 3, 57, 15, 1747|57, 1457, 1747, 15, 491, 485, 3, 621, 1529, 746
298-110|1094|52, 800, 1127, 1121, 85, 702, 175, 65, 221, 357
299-3855|2117, 304|304, 2117, 2801, 242, 2565, 280, 2566
300-1297|902, 217, 2118, 2119, 32|2119, 2118, 1124, 1094, 1954, 1577, 874, 94, 1122, 800
301-1319|1277|605, 6, 655, 582, 732, 340, 94, 1122, 606, 217
302-71|1631|1631, 47, 131, 130, 133, 132, 659, 396, 279, 122
303-2063|659, 313, 660|1923, 660, 313, 659, 1671, 1670, 1669, 764, 189, 84
304-3873|171, 2096|2127, 1389, 2114, 1094, 2096, 1537, 2129, 2130, 2128, 208
305-3531|2132, 2133, 179|179, 2133, 2132
306-1061|239, 999, 582, 1000, 813|582, 817, 239, 1365, 94, 49, 47, 245, 189, 319
307-3229|110|965, 717, 5, 26
308-4353|2, 971|5, 254, 45, 6, 47, 49, 105, 68, 638, 436
309-2101|64, 1111, 142, 342, 1724|342, 1724, 64, 142, 1111, 631, 1455, 776, 266, 815
310-878|247|208, 1127, 35, 728, 94, 402, 2754, 1094, 2176, 717
311-3808|93|93, 1094, 45, 138, 41, 388, 395, 63, 42, 163
312-3504|206, 2146|2146, 206, 2109, 92
313-3801|1946|42, 2126, 1946, 68, 142, 1427, 2687, 93, 26, 179
314-1682|49|6, 418, 1597, 654, 49, 126, 17, 45, 117, 122
315-502|1145|14, 32, 478, 1698, 65, 94, 266, 256, 85, 625
316-2512|1009, 1620|1620, 64, 40, 192, 191, 1009, 335, 103, 85, 266
317-2023|2117, 304|1610, 1608, 1606, 1630, 141, 2117, 1620, 1618, 1627, 304
318-1915|469, 436, 2151|469, 2150, 12, 6, 112, 502, 436, 835, 2151, 1060
319-1100|906, 527|2213, 527, 906, 1129, 1019, 1018
320-806|801|826, 782, 779, 854, 68, 2152, 801, 6, 418, 2153
321-1952|1597|207, 1597, 1394, 654, 801, 32
322-187|1094|1094, 1540, 6, 5, 267, 264, 263, 186, 118, 106
323-2058|195, 1664|45, 1094, 308, 1665, 1664, 1663, 195, 50, 47, 94
324-1943|905|1300, 1591, 903, 905, 1553, 189, 618, 673
325-65|2513|122, 704, 49, 45, 1662, 2157, 2, 117, 121, 107
326-810|826|826, 803, 782, 779
327-2520|93|93, 254, 45, 26, 64, 621, 555, 2158
328-4159|102, 2160, 2161, 2164|2161, 746, 649, 2166, 2164, 2160, 2163, 2159, 2169, 2167
329-2868|2172|2172, 965, 2179, 2174, 2173, 2175, 2176, 2181, 2186, 2180
330-1673|645, 978, 14|645, 1060, 1397, 618, 14, 978, 1453, 2197, 1181, 1015
331-428|50, 126, 511, 246|122, 49, 35, 408, 63, 313, 948, 391, 126, 45
332-388|32, 717|14, 189, 735, 717, 565, 31, 6, 85, 105, 482
333-68|125, 122, 22|22, 122, 117, 127, 125, 107, 64, 21, 20, 296
334-2481|402, 38|2155, 253, 38, 402, 662, 1199, 1038, 35, 298, 6
335-3579|79|79, 52, 664, 68, 2198, 42, 179, 72, 2207
336-3547|1610, 1029|1610, 1029, 2605, 228, 68, 2585, 2584
337-2361|1752, 768, 1755, 1751, 2200, 1347|2200, 1347, 768, 1752, 1761, 686, 1751, 1755, 2199, 246
338-3578|1610, 2201|1610, 2201, 2202, 228
339-26|1161|1161, 70, 65, 69, 645, 1157, 46, 35, 1137, 512
340-2829|2311|1923, 2202, 1610, 228
341-119|50, 128, 713, 47|47, 978, 370, 49, 128, 424, 156, 595, 256, 85
342-420|2206, 48, 65, 84|42, 48, 135, 49, 84, 32, 700, 65, 79, 40
343-1023|2211|2210, 1199, 3620, 2211, 3640, 3635, 3634, 3627, 3626, 21
344-1832|228, 2212|1610, 228, 2605, 863, 2212
345-3663|2213, 335, 301, 158, 1129, 654|2213, 2287, 2286, 2285, 2288, 1129, 2231, 144, 2, 6
346-3612|2213, 574, 2068|2213, 52, 350, 308, 1129, 1915, 17, 353, 1697, 2065
347-3588|2213, 2238, 501|2213, 137, 2238, 2, 146, 501, 63, 221, 1129, 2480
348-3645|29, 144|2213, 144, 1129, 918, 2320, 742, 29, 587, 2477, 2476
349-3708|2362, 2213, 2363, 2364, 2365, 2366, 2353|2213, 2365, 2362, 2353, 2366, 2364, 2363, 157, 2376, 1193
350-3765|67, 2213, 1359, 1141, 23|2213, 1141, 23, 67, 2499, 1359, 1915, 1129, 2238, 6
351-3692|2213, 1229, 2235|2213, 1229, 2235, 2593, 1453, 2429, 1776, 2230, 2478, 1659
352-911|505, 902, 903, 266|13, 266, 903, 902, 240, 1570, 505, 897, 1144, 5
353-3628|1915, 2213, 512, 2466, 2126|2213, 2126, 512, 441, 18, 2516, 1696, 2230, 2250, 2466
354-3679|2213, 1084, 548|2213, 548, 1236, 2195, 2341, 2342, 582, 1129, 48, 2554
355-3662|2492, 2459, 2213|2213, 2230, 2321, 2459, 2493, 2486, 177, 737, 2492, 2244
356-3737|2231, 2422, 2213|2213, 2422, 2494, 103, 2515, 2230, 2458, 2055, 1915, 1129
357-1405|886, 2213, 144|2213, 2318, 1129, 1532, 133, 405, 886, 1161, 144, 29
358-3592|2213, 72, 2322|2213, 72, 404, 2322, 214, 2427, 199, 2426, 1915, 2230
359-3754|85, 2463|1776, 2213, 2463, 1129, 85, 266, 2515, 2429, 63, 1810
360-3737|2458, 2213, 103|2213, 2422, 2494, 103, 2515, 2230, 2458, 2055, 1129, 1696
361-2479|35|370, 478, 755, 1158, 6, 715, 1836, 35, 454, 179
362-1928|2, 454, 2106, 313, 35, 717|2512, 35, 65, 2514, 717, 313, 189, 2, 454, 2071
363-276|2213, 408, 1129, 49|2213, 49, 408, 63, 188, 1129, 2, 62, 144, 29
364-2453|1346, 35, 2518|2518, 1346, 35, 1602, 49, 371, 114, 1899, 455, 635
365-1154|1592|93, 1266, 64, 45, 206, 26, 42, 736, 621, 2152
366-3767|2213|2213, 2383, 2386, 2384, 1129, 29, 2393, 144, 6, 2427
367-783|432, 2521, 759, 582, 755, 163|13, 163, 759, 757, 1022, 2521, 518, 758, 756, 113
368-966|841|128, 1570, 2522, 2382, 634, 1116, 1115, 64, 894, 113
369-3324|2523|2523, 582, 1832, 189, 319, 615, 49, 371, 114, 2229
370-1252|1410|1410, 1118, 728
371-3825|154, 568, 898, 512, 149|13, 568, 645, 1855, 149, 512, 898, 154, 241, 1006
372-3784|1848|1315, 488, 2535, 1447, 2263, 1942, 2534, 48, 47
373-3455|295, 2530, 2167, 2163, 2164, 2160, 2166|2166, 2530, 2160, 2163, 2164, 2167, 2161, 295, 1816, 298
374-725|63, 2531|2531, 163, 5, 800, 105, 1308, 1121, 702, 1002, 582
375-4355|1854, 14, 2532, 1236|1854, 645, 2533, 2532, 247, 7, 948
376-2583|835, 1795|1447, 1942, 1039, 206, 39, 35, 49, 372, 382, 388
377-3789|216, 345|501, 345, 659, 644, 832, 1620, 188, 149, 2468, 737
378-1889|52, 2008, 501|501, 2008, 52, 713, 1540, 405, 490, 466, 1887, 214
379-103|45, 254, 64, 26, 167, 93|68, 64, 45, 254, 49, 1946, 167, 1947, 26, 93
380-2072|1664, 5|965, 528, 645, 79, 1074, 951, 94, 171, 5, 85
381-9|34, 6, 24, 36|36, 1060, 24, 644, 46, 1173, 13, 14, 963, 1253
382-798|1485, 1482, 1514|776, 1514, 1482, 1485, 463, 296, 40, 154, 342, 446
383-1146|968, 1425|968, 45, 1094, 254, 469, 1029, 242, 171, 645, 5
384-3811|2544, 2545, 968|968, 2545, 2544, 1716, 242, 6, 83, 5, 247, 499
385-4045|2549|511, 107, 344, 1588, 631, 342, 2510, 2546, 1275, 446
386-1817|1170, 79, 163, 188|228, 79, 94, 1170, 1493, 1492, 1502, 188, 948, 863
387-2450|191|191, 64, 163, 1815, 3657, 40, 192, 1864, 5, 1813
388-3826|141, 1239, 242, 253, 1838, 236, 298, 35|35, 141, 242, 737, 662, 863, 1858, 382, 219, 253
389-1886|794, 52|794, 50, 51, 5, 795, 2207, 150, 1544, 1540, 48
390-2364|1754|1754, 13, 645, 1625, 241, 1662, 1006, 568, 1521, 690
391-2479|35|35, 1836, 6, 755, 1158, 715, 253, 2213, 1839, 2518
392-1065|1006|13, 1006, 913, 568, 241, 659, 2550, 676, 495, 14
393-458|2, 6, 906, 250, 259|6, 645, 5, 1818, 30, 32, 2548, 906, 1060, 2
394-3871|687, 1047, 511|517, 181, 49, 47, 188, 409, 171, 1717, 485, 1047
395-2000|715, 32|282, 838, 2155, 1423, 512, 35, 353, 806, 6, 715
396-4077|29, 339, 2553|3614, 3615, 2782, 2781, 517, 976, 1477, 353, 2553, 29
397-4116|500, 1173, 189|645, 1094, 1100, 6, 94, 500, 1015, 49, 2554, 35
398-3847|179|1158, 179, 2556, 153, 2558
399-3853|484, 2558|2558, 1200, 484, 1158, 2557, 2560, 179, 2561, 2559
400-3852|2561|1158, 2558, 2561, 2557, 2560, 179, 484, 2559
401-3322|2570, 81|2570, 881, 1667, 1094, 2063, 1543, 15, 519, 189, 582
402-3859|141, 1696, 341, 280, 2106, 2565, 1346, 1620|2564, 2565, 280, 1346, 2106, 1696, 141, 2563, 35, 253
403-2425|659, 1789|1789, 1878, 46, 511, 490, 84
404-739|2568|2568, 553, 48, 2573, 84, 1094, 32, 2651, 2113, 1129
405-981|50, 29, 85, 144, 361|144, 29, 1632, 226, 225, 2250, 985, 2436, 2229, 14
406-3915|107|107, 2641, 655, 142
407-3915|2574|2574, 2641, 655, 142
408-4355|2533, 247, 2532|5, 645, 2575, 247, 246
409-855|853, 851, 665|252, 64, 73, 853, 45, 383, 665, 851, 1094, 5
410-3539|2436, 2268, 1129|1776, 144, 29, 1129, 2268, 2436, 188, 1915, 2250, 501
411-190|1129|188, 1060, 985, 1032, 2436, 144, 29, 1037, 1129, 968
412-1353|1915, 1776, 978, 14|14, 1129, 1776, 144, 1915, 29, 2253, 2436, 2294, 488
413-821|35|35, 1079, 1077, 1346, 2213, 6, 102, 833, 49, 47
414-3789|216, 768|501, 345, 768, 550, 189, 149, 769, 770, 154, 1147
415-2368|117, 92, 1734|106, 92, 342, 920, 1275, 48, 142, 102, 815, 2577
416-1033|2579|2579, 956, 672, 937, 645, 305, 955, 952, 935, 954
417-59|1094|1094, 113, 52, 795, 51, 50, 796, 1540, 1242, 1278
418-1740|2435, 2580, 113|2580, 2, 113, 1253, 221, 189, 717, 116, 903, 354
419-2096|154, 32, 1722, 47, 221|47, 1722, 85, 45, 221, 785, 1310, 78, 29, 137
420-1707|1016|206, 512, 1016, 35, 1346, 68, 774, 2582, 6, 638
421-1934|171|14, 2777, 645, 171, 1129, 6, 1347, 768
422-3578|228, 616, 467|2584, 228, 1610, 2202, 68, 1615, 39, 2586, 411, 774
423-1615|1060|1060, 5, 6, 189, 1473, 1397, 618, 645, 1337, 14
424-286|107|93, 79, 107, 45, 254, 428, 2590, 204, 2588, 546
425-3502|2591, 2106, 1096, 1079|1096, 2591, 1079, 2106, 1696, 298, 402, 401, 596, 597
426-3319|810, 1405, 793|2150, 189, 582, 319, 335, 1273, 2468, 733, 353, 1219
427-2049|2593|6, 2593, 2594, 1453, 611, 441, 12, 1852, 177, 113
428-3573|107|93, 107, 1029, 1610, 2587, 546, 2589, 2590, 141, 79
429-1731|280|280, 98, 14, 1359, 24, 490, 1441, 1439, 466, 228
430-109|92, 6, 5|5, 149, 392, 206, 2109, 92, 6, 1060, 645, 2213
431-3796|1094|1094, 641, 1554, 500, 556, 15, 32, 482, 1601, 2596
432-1365|2597|247, 1146, 727, 1088, 113, 14, 1060, 2597, 796, 795
433-3594|877, 1859|470, 2213, 1633, 2221, 194, 1859, 72, 582, 1810, 2427
434-827|2773, 846, 820|829, 820, 819, 179, 1952, 811, 821, 781
435-2085|1188|5, 47, 1702, 572, 542, 1090, 1708, 94, 1698, 1188
436-1335|246, 46, 293|247, 5, 47, 2, 921, 46, 49, 542, 1121, 1122
437-1832|228, 1610, 1394|228, 1610, 2605, 863, 1394, 1046, 2586, 1249, 411, 2212
438-4040|154, 233, 892, 2755|477, 2606, 154, 2755, 1399, 233, 98, 228, 1033, 286
439-242|191, 192, 40, 64|105, 64, 40, 192, 191, 149, 14, 392, 1094, 582
440-225|1145|22, 957, 1145, 363, 645, 1151, 21, 14, 32, 49
441-3453|282, 620, 2621, 207, 807|207, 1922, 1597, 837, 2617, 620, 35, 1158, 253, 2613
442-1013|2627, 1678|1678, 2627, 938, 1677, 101, 117, 305
443-4356|107, 895, 2632|107, 2628, 39, 2629, 113, 5, 110, 1142, 2632, 2631
444-4354|1434, 2634|1434, 596, 126, 47, 1449, 1077, 737, 46, 2551, 1456
445-3496|2100|2100, 2103, 2101, 2102
446-957|794, 239, 323, 241, 568|241, 568, 913, 13, 1094, 794, 281, 906, 323, 311
447-2393|47|47, 49, 50, 143, 716, 1769, 223, 2636, 1378, 2592
448-971|1094|903, 582, 14, 2637, 290, 1105, 219, 1045, 5, 1194
449-2787|2, 1578|1923, 78, 660, 686, 32, 244, 391, 243, 1094, 490
450-764|243, 557|796, 1094, 795, 5, 487, 488, 1244, 740, 3651, 3650
451-2485|1448|1448, 596, 177, 1434, 179, 858, 2633
452-3827|2551, 627, 46, 47|46, 627, 2551, 115, 155, 59, 47, 5, 865, 49
453-3909|1589|1589, 2, 1036, 35, 2551, 595, 2197, 1453, 1445
454-3913|2638|2638
455-3860|82|2281, 641, 48, 79, 2568, 2640, 2639
456-122|107, 287, 348, 185, 186, 289|184, 107, 186, 185, 5, 217, 2, 47, 289, 201
457-3865|2642|2641, 2642, 2574, 107, 142, 655, 1946, 26
458-2566|85, 2122|85, 298, 401, 2690, 1891, 402, 608, 645, 1880, 5
459-3920|184, 107, 1420|181, 184, 1059, 2649, 107, 2645, 1420, 264, 2643, 2648
460-3481|250, 477, 49|47, 477, 246, 49, 542, 208, 418, 2650, 1366, 6
461-3877|556, 2582|2582, 107, 556, 822, 1444
462-2005|645|2651, 645, 26, 6, 1201, 970, 103, 335, 3692, 339
463-1329|634, 15|1117, 9, 45, 874, 1119, 2, 79, 65, 188, 664
464-1859|50, 51, 638, 1540|739, 623, 644, 85, 348, 206, 638, 51, 50, 79
465-560|32, 823|2652, 670, 630, 629, 94, 44, 54, 31, 29, 549
466-546|582, 1829, 1087, 1667, 113, 1060|14, 130, 1350, 497, 1060, 49, 217, 1689, 60, 1157
467-4356|107, 1651, 286|39, 107, 196, 114, 131
468-539|1094|1094, 404, 623, 1009, 29, 61, 2203, 703, 953, 214
469-3926|556, 2536, 906, 171, 2192|2192, 171, 906, 2536, 556, 144, 29
470-873|864, 242, 47|47, 189, 1129, 242, 659, 79, 1525, 39, 1553, 582
471-550|247, 65, 254, 113|206, 113, 223, 774, 1418, 800, 1951, 1622, 247, 14
472-1392|1094|1094, 409, 732, 635, 645, 6, 13, 35, 649, 1812
473-3873|6, 746|746, 1389, 2114, 1094, 2096, 1537, 23, 1212, 6, 1347
474-3479|49, 463, 47|47, 49, 50, 463, 409, 188, 485, 374, 372, 5
475-109|6, 2658, 5|5, 2658, 528, 582, 130, 6, 179, 1060, 645, 2213
476-530|1408, 101, 2659, 47|2659, 47, 176, 170, 1408, 542, 101, 2660, 45, 59
477-1944|1896|247, 1173, 13, 645, 5, 970, 3694, 103, 6, 3692
478-250|2590, 93|93, 107, 68, 406, 72, 405, 79, 78, 2590, 995
479-1601|48, 986, 1656, 84, 457|51, 29, 1956, 1955, 1148, 1787, 1037, 48, 1656, 986
480-2460|60|1697, 68, 60, 1240, 1797, 48, 78, 1650, 1333, 581
481-3908|107|107, 2629, 1142, 39, 2628, 2463, 1902, 1097, 776, 2630
482-661|85|141, 103, 402, 2663, 157, 112, 1394, 575, 1396, 775
483-4357|107, 2665, 280, 254, 40, 64, 93|107, 40, 280, 204, 154, 45, 224, 462, 348, 466
484-2455|1825, 1376|47, 1240, 1822, 52, 1376, 68, 1037, 1823, 1825, 874
485-1011|670, 630|1923, 630, 365, 48, 1667, 735, 1548, 670, 32, 254
486-1893|905, 311, 1552|2676, 905, 342, 446, 1552, 1210, 659, 47, 49, 35
487-2030|2575|498, 1635, 1606, 1682, 163, 14, 363, 1090, 1631, 2575
488-569|107, 942, 47|49, 47, 52, 107, 45, 50, 542, 126, 462, 42
489-1215|917, 15, 47|47, 49, 917, 208, 1700, 83, 171, 1698, 1092, 1096
490-2551|13|13, 1343, 308, 144, 1060, 1870, 6, 2683, 1751, 2682
491-3942|92, 26|791, 64, 26, 2688, 2313, 732, 29, 1648, 45, 5
492-1245|815|815, 746, 517, 1387, 634, 94, 1105
493-350|1427|63, 206, 130, 84, 5, 721, 1486, 1494, 1511, 1492
494-1562|1300|39, 1300, 895, 5, 85, 776, 631, 1301, 1297, 673
495-3950|3690, 487|641, 2785, 378, 45, 2698, 2152, 2692, 2639, 2640, 29
496-1456|2313, 14, 47|14, 47, 247, 1079, 2689, 791, 1646, 1640, 1645, 1641
497-368|1094|1094, 79, 113, 644, 2174, 2173, 1297, 533, 2690, 2691
498-1961|228, 1046, 94, 863, 498, 1566|228, 1566, 498, 1046, 1568, 181, 863, 1099, 1564, 1557
499-3968|2739|2739, 2710, 1193, 2706, 2722, 2719, 2716, 2692, 1943, 575
500-4038|181, 2741, 2743|2741, 181, 2743, 2748, 117, 2745, 2746, 2740, 106, 102
501-4028|117, 2741, 2748, 2746, 2742, 3641, 2749|2741, 2749, 2748, 117, 2746, 2742, 3641, 2745, 181, 2752
502-5|222, 2179|22, 2753, 1074, 332, 994, 3660, 336, 21, 20, 402
503-361|45, 61, 63, 1427|61, 45, 1427, 63, 72, 6, 524, 254, 124, 250
504-557|599, 547, 47, 5|5, 47, 49, 15, 45, 171, 59, 599, 470, 881
505-234|153, 254, 1357|47, 254, 153, 379, 65, 1353, 380, 377, 26, 64
506-3858|154, 2567, 2756, 64|2756, 335, 353, 2564, 2567, 1010, 829, 103, 1732, 905
507-4044|184, 2757, 2759|2757, 2759, 184, 604, 2758, 1318, 319
508-4043|2758, 2757, 604|2757, 604, 2758, 319, 2759, 184, 1318
509-1732|65|1442, 2760, 313
510-1288|2650|2650, 791, 29, 128, 1378, 556, 1578, 1642, 1644, 1643
511-378|79, 406|79, 406, 995, 405, 238, 2637, 78, 1492, 1502
512-4045|107, 511|2761, 511, 107, 147
513-262|106, 2, 29, 63, 144, 246, 408|794, 408, 59, 106, 2, 49, 62, 122, 246, 50
514-1796|1737, 102|325, 463, 313, 184, 15, 498, 703, 1514, 1513
515-1023|2762, 2763|2763, 2762, 3620, 3640, 3635, 3634, 3627, 3626, 21, 3618
516-311|2130|464, 49, 79, 280, 107, 204, 462, 45, 138, 353
517-349|2764, 725|2764, 14, 725, 2779, 2780, 2778, 1094, 968, 1145, 1060
518-244|171, 239|732, 5, 163, 710, 735, 14, 2832, 1094, 1631, 49
519-1640|736, 93|93, 666, 42, 124, 1353, 736, 1818, 254
520-3500|403, 52|794, 403, 1096, 51, 50, 2591, 1696, 454, 246
521-3952|655|655, 342, 2692, 2281, 64, 340, 1541, 78, 733, 354
522-814|2767|2767, 32, 1060, 252, 1142, 852, 354, 803, 802, 510
523-2007|794, 2106|1094, 35, 659, 2676, 226, 225, 117, 2159, 1623, 1622
524-1564|1306, 1296, 1307, 1297, 1294|107, 1294, 1297, 1307, 1296, 1306, 1293, 1305, 1304, 1303
525-4052|107, 6, 1294|107, 6, 1294, 1305, 970, 1293, 1304, 1303, 1302
526-3537|130, 6, 14, 5, 1157|1157, 5, 498, 1606, 2141, 208, 187, 171, 201, 6
527-140|203, 45, 194, 461, 26|204, 49, 197, 14, 408, 266, 85, 50, 26, 45
528-4052|107, 1293|107, 1293, 1240, 1833, 1294, 815, 1287, 354, 1297, 1296
529-3466|184, 2771, 2074, 939|2771, 1173, 1094, 2075, 117, 939, 2074, 184, 181
530-242|32, 582, 14, 105, 149|105, 582, 44, 65, 2157, 32, 14, 113, 247, 485
531-14|49|49, 50, 47, 45, 126, 51, 246, 638, 113, 52
532-3568|2772, 831, 611, 819|179, 335, 32, 154, 2185, 2772
533-180|14, 113|582, 5, 113, 14, 1094, 1088, 587, 6, 264, 263
534-1668|645|354, 5, 6, 85, 1103, 485, 2663, 620, 1805, 242
535-134|60, 1390, 655, 2829|715, 29, 1699, 437, 354, 974, 1454, 1390, 60, 655
536-4050|2362, 1025, 654, 2058|2767, 2058, 1029, 2282, 1181, 2770, 2769, 112, 85, 1996
537-1502|973, 494|49, 26, 1232, 64, 973, 93, 254, 42, 78, 494
538-113|29, 1849, 178, 180, 179, 143, 47|1849, 47, 374, 542, 49, 179, 45, 126, 29, 970
539-109|6, 645, 14|5, 6, 14, 49, 47, 376, 246, 375, 374, 373
540-2082|163, 1200, 392|1200, 5, 206, 397, 163, 64, 35, 171, 105, 398
541-167|2776|1173, 14, 5, 528, 2776, 910, 251, 102, 766, 60
542-4058|2200, 2777|2777, 2200, 717, 3655, 970, 267, 937, 3692, 239, 1368
543-2420|731|1667, 1786, 64, 191, 731, 40, 84, 47, 1308
544-2573|1180, 18, 48, 206|206, 48, 572, 94, 1180, 84, 1633, 1069, 79, 1967
545-1815|184, 1523, 29, 79, 213|79, 213, 1523, 184, 18, 29, 1517, 1492, 42, 1953
546-2632|258, 2, 1356, 29, 859, 340, 1814, 179, 1727, 611, 490, 1756, 686, 313, 660|965, 1923, 490, 1356, 1094, 142, 659, 660, 1273, 225
547-2610|85, 1921, 2024, 2021|1921, 820, 85, 2021, 1988, 2024, 402, 1079, 2023, 5
548-767|2778, 2780, 2779|2778, 79, 2779, 14, 163, 247, 927, 743, 2780, 221
549-280|154, 40, 296, 425, 22|22, 85, 296, 108, 316, 315, 348, 1257, 110, 1241
550-235|206|206, 47, 477, 246, 49, 488, 2125, 457, 144, 29
551-4300|2781, 2782|2782, 2781, 3614, 1424, 1449, 595
552-2489|1854|1854, 5, 189, 917, 461, 335, 3692, 85, 239, 1033
553-4355|1854, 14|1854, 1145, 463, 14, 1173, 904, 2783
554-458|6, 906, 1854, 259|645, 756, 14, 2784, 1854, 485, 906, 1060, 6, 2
555-3498|2100, 2103|2100, 2103, 2102, 2101
556-4357|107, 45, 2665, 41, 64, 26, 138|93, 79, 204, 107, 138, 41, 462, 280, 939, 449
557-1496|239, 246, 47|1334, 1544, 79, 794, 150, 198, 1682, 542, 86, 1632
558-4115|1852, 2785, 1853, 2786, 2788, 2787, 1852, 2789|2787, 1852, 2789, 2788, 2786, 1853, 2785
559-103|469, 1947, 1948|1950, 2570, 254, 45, 1948, 124, 2466, 654, 469, 1946
560-1434|462, 1182, 1339|1182, 462, 140, 2790, 206, 939, 107, 2559, 213, 1180
561-4118|281, 868, 2793|2795, 2793, 281, 868, 117, 2794, 215, 2800, 2799, 1428
562-3859|696, 2117, 304|2801, 304, 2117, 1346, 2565, 2106, 280, 1696, 141, 2802
563-4320|2803, 2812, 2804, 2805, 2807|2803, 3673, 3672, 2809, 2805, 396, 2804, 2817, 2816, 2815
564-978|179, 266|266, 903, 17, 179, 833, 1158, 23, 1132, 517, 142
565-1911|1557, 634|2529, 2170, 2166, 2163, 117, 863, 498, 1099, 634, 1557
566-3852|2561, 1200|1200, 2558, 2561, 2556, 2092, 2350, 2557
567-1214|219, 68, 2058|1029, 219, 605, 64, 50, 1085, 2058, 715, 2282, 1181
568-541|535, 32, 14|1707, 86, 1698, 14, 32, 497, 49, 122, 117, 278
569-3876|2819, 1763, 2257|2819, 512, 638, 2821, 2820, 35, 1843, 2782, 1796, 94
570-4142|1094|1094, 107
571-1052|1403, 487, 994, 3652|59, 994, 92, 3652, 487, 1403, 94, 217, 1129, 1525
572-900|961|1094, 645, 6, 889, 896, 961
573-2728|1094|1923, 1094
574-622|677, 2549, 514|6, 677, 676, 913, 1430, 154, 102, 659, 274, 4
575-4149|1094|1094, 107, 2145
576-4299|8, 2018, 237|8, 3613, 107, 15, 225
577-1016|271, 225, 812, 85, 247, 273, 6, 40, 266, 5, 717|6, 93, 349, 645, 941, 40, 926, 717, 26, 64
578-2082|582, 2822, 2823, 1074|5, 206, 2823, 2822, 582, 1074, 397, 64, 35, 171
579-1187|1094|1094, 45, 242, 254, 794, 469, 1556, 26, 52, 881
580-3910|1094|1094, 1434
581-2825|490|1923, 490, 23, 29
582-4354|1448, 2634|1448, 1773
583-1318|60, 224, 1130, 213, 2825, 357|213, 1130, 357, 1423, 2825, 224, 60, 215, 3649, 655
584-3472|462, 436, 213, 345|1265, 417, 436, 357, 213, 313, 215, 2824, 61, 2827
585-3920|184, 2649, 1059|181, 184, 107, 264, 1420, 2645, 1059, 2649, 2648, 2647
586-104|1240|47, 49, 143, 50, 45, 117, 168, 256, 361, 416
587-3472|417|107, 1265, 417, 436
588-1811|519, 634, 64|14, 1389, 519, 728, 498, 703, 1505, 1522, 1508, 466
589-149|1030|1030, 49, 47, 65, 794, 45, 372, 52
590-2525|498, 2519|2519, 457, 144, 29, 498, 1756, 378, 2213, 1862, 582
591-1035|85, 45, 958, 808|141, 1259, 377, 68, 15, 42, 242, 1953, 666, 2785
592-763|2831, 735, 554, 553|553, 735, 2831, 2830, 988, 511, 659, 48, 1927, 113
593-149|794, 2094, 47|47, 2832, 49, 65, 794, 732, 45, 372, 1030, 52
594-3910|663|1094, 1434, 737, 85, 579, 254, 836, 835, 21, 2801
595-1788|1094|1094, 20, 65, 1114, 1507, 1505, 2835, 2199, 42, 60
596-3770|2609|2152, 2281, 2609, 2498, 2698, 2718, 2213
597-2033|715, 282, 253, 2607, 2116, 376|282, 35, 2608, 388, 376, 382, 2116, 253, 242, 47
598-1578|45, 114, 47, 49|49, 47, 2078, 45, 60, 50, 371, 14, 628, 667
599-242|489, 262|105, 163, 738, 1094, 2684, 262, 489, 1110, 149, 14
600-1140|378, 1808, 43|582, 43, 378, 64, 40, 192, 191, 2568, 2571, 554
601-3930|1094|1094, 1389, 2114, 746, 23, 1212, 6
602-2597|128|592, 1094, 965, 1356, 1923, 2836, 32, 361, 1916, 1758
603-388|484|189, 735, 484, 554, 717, 1676, 731, 482, 500, 43
604-681|94, 335, 841, 1201|113, 1094, 335, 701, 6, 1775, 94, 14, 47, 794
605-4200|1358, 3028, 3029, 1943, 2002, 3030, 3031, 3032, 2857, 3033, 3034, 3035, 3036|1943, 2857, 3036, 3035, 3034, 3033, 3032, 3031, 3030, 2002
606-4282|1448, 595, 3059, 1943, 1599, 3022, 2982, 3606, 2634, 1598, 3038, 3024|1943, 3606, 595, 2634, 3024, 3038, 3022, 1599, 1448, 3059
607-2131|3562, 354|354, 3562, 342, 446, 905
608-4268|2979, 3019, 1943, 3536, 3537, 3538|1943, 3538, 3537, 3536, 2979, 3019, 2857, 2855, 2860, 303
609-4206|1448, 3059, 1943, 1599, 3022, 3025, 2634, 3024, 3060|1943, 3060, 3025, 2634, 3059, 3024, 3022, 1599, 1448, 2857
610-571|789|254, 2582, 556, 129, 124, 369, 808, 1354, 3607, 1422
611-3830|365, 149|365, 188, 1037, 149, 15, 411, 364, 2775, 3610, 3609
612-527|163, 395, 5|163, 49, 395, 79, 362, 197, 247, 171, 105, 5
613-124|29, 154, 144, 84|47, 144, 1129, 188, 29, 49, 94, 14, 2213, 189
614-3883|3611, 376|3611, 376, 373, 280, 3612, 1687, 1672, 1569, 1391
615-1337|246|47, 246, 403, 29, 1450, 6, 113, 49, 373, 128
616-4299|107, 3613|3613, 107
617-4081|3616, 207|3614, 2782, 2781, 3615, 207, 1424, 2997, 113, 3616, 206
618-750|1094|1094, 738, 65, 756, 14, 2784, 1854, 485, 2777, 2683
619-9|36|36, 24, 528, 48, 2653, 2837, 2110, 342, 963, 463
620-4156|213, 2790|213, 2790, 2827, 2826, 2824, 2665, 357, 313, 215
621-2750|1937, 360, 813|965, 1923, 1959, 2148, 1937, 15, 750, 340, 556, 2772
622-1758|683, 32, 880, 848|254, 880, 917, 733, 93, 1329, 1130, 45, 253, 117
623-398|644, 1667|1094, 2700, 552, 79, 482, 154, 40, 48, 582, 239
624-4081|3615|3615, 2782, 2781, 3614
625-1023|3633, 1001, 3634, 3617, 3618, 3619|3620, 21, 3628, 3635, 3634, 3627, 3618, 3640, 3626, 3621
626-1000|79|79, 664, 929, 599, 1443, 1553, 895, 1900
627-793|432, 588, 589|163, 206, 242, 432, 14, 64, 774, 1418, 759, 588
628-4303|462, 2746|2741, 2746, 107, 2804, 462, 2748, 2749, 117, 2745, 2752
629-697|1667|3612, 163, 576, 759, 72, 30, 32, 543
630-823|50, 47, 49|47, 645, 14, 13, 49, 246, 48, 1100, 1425, 1086
631-1943|3645|1087, 3644, 1591, 903, 905, 3645, 1088, 1060, 707
632-1353|14|14, 50, 64, 247, 254, 206, 416, 1016, 1552, 342
633-623|313, 189|313, 78, 189, 567, 659, 123, 812, 225, 2, 367
634-4310|1094|1094
635-3815|254|254, 1354, 42, 26, 179, 484, 500, 124, 78, 239
636-812|1095|207, 797, 141, 2614, 2608, 1104, 2610, 1026, 32, 2840
637-3931|154, 528|528, 1094, 2658, 3646, 14, 911, 713, 914, 46, 48
638-307|59, 92, 145|396, 419, 454, 446, 224, 107, 455, 280, 1130, 3647
639-347|3648, 1714, 1100, 278, 2463|1100, 3648, 727, 1060, 147, 278, 480, 1714, 1094, 634
640-1505|59, 794, 114|47, 213, 114, 794, 3649, 2825, 1130, 224, 372, 655
641-3360|224, 1132, 1130, 213, 357, 221|1130, 357, 213, 224, 2825, 426, 478, 3649, 655, 221
642-620|45, 159, 160, 47, 49|49, 160, 159, 47, 45, 2518, 1899, 371, 246, 14
643-3360|224, 1130, 689, 213, 2825, 426|1130, 213, 224, 2825, 426, 265, 689, 357, 221, 1132
644-189|1181, 3653|3653, 29, 1776, 1181, 2501, 2213, 144, 40, 1199, 1129
645-330|79, 163, 1384, 1688, 1238|79, 49, 1083, 14, 1691, 205, 374, 47, 2, 320
646-2492|239, 378, 15|731, 582, 2063, 1543, 15, 32, 1290, 378, 94
647-2506|1040, 745, 156, 1808|745, 3654, 1673, 1147, 713, 1543, 1808, 1040, 82, 989
648-1944|1094|1094, 1173, 13, 645, 5, 970, 3694, 103, 6, 3692
649-2576|6, 13, 926, 676, 1684|676, 2783, 1094, 13, 1907, 1173, 154, 290, 201, 1174
650-1408|144, 1445, 2257|46, 2213, 1129, 1696, 136, 2503, 2502, 134, 63, 1589
651-777|889, 914, 6, 755|2630, 616, 6, 746, 36, 890, 888, 889, 179, 221
652-3908|224, 440, 85, 3656, 308, 528|2629, 1142, 107, 3656, 440, 224, 456, 46, 381, 45
653-770|3657, 1148|582, 64, 3657, 191, 1148, 498, 188, 721, 1815, 262
654-1023|2773, 1431, 540|3626, 3640, 23, 3639, 103, 3620, 811, 3635, 3634, 3627
655-973|517|921, 48, 517, 353, 1765, 2756, 1010, 702, 47, 246
656-837|298, 207, 237|298, 207, 838, 806, 237, 65, 837
657-1370|2097|1150, 3658, 2104, 906, 1404, 1410, 1916, 1149, 717, 2097
658-335|22|338, 22, 485, 3662, 127, 311, 277, 460, 67, 462
659-22|2, 3, 638, 6, 77, 259|62, 357, 285, 303, 553, 30, 32, 152, 688, 488
660-115|3674|3674, 163, 181, 59, 49, 1275, 2773, 1701, 5, 47
661-3886|1094|1094
662-342|154, 270, 108, 40, 425|213, 708, 494, 425, 108, 40, 458, 47, 462, 206
663-3802|560, 64, 26, 167, 1946|26, 64, 357, 213, 462, 1946, 167, 33, 560, 285
664-4328|107|107
665-4327|107|107
666-4328|1240|107
667-3807|2540, 41, 254, 2228, 138|138, 41, 357, 462, 93, 45, 42, 254, 555, 26
668-4351|462, 213, 89, 357|357, 213, 462, 2824, 89, 367, 2665, 2826, 3676
669-4357|107, 2665, 41, 64, 26|45, 107, 138, 254, 41, 26, 2665, 186, 452, 2522
670-434|239|573, 254, 79, 1673, 745, 2213, 1129, 78, 998, 313
671-398|3677|3677, 552, 79, 482, 154, 40, 48, 582, 239, 1950
672-4351|462, 2824, 213, 89, 357|357, 213, 462, 2824, 89, 367, 2665, 2826, 3675, 3676
673-4339|45, 6, 570, 3681, 31, 3679, 3683|396, 3683, 3679, 3681, 570, 107, 3678, 422, 419, 1288
674-1853|1094|1094, 163, 638, 432, 582, 188, 29, 1129, 1912, 6
675-4315|3670, 3294|3670, 3294
676-4339|107, 45, 462, 6, 570, 3681, 31, 3679, 3683|107, 3681, 3679, 3683, 570, 142, 239, 1179, 3680, 2131
677-3319|1123, 1059, 820|820, 1059, 1123, 2150, 189, 582, 319
678-1057|32, 641, 30, 1128|641, 32, 189, 167, 30, 82, 482, 258, 378, 365
679-1797|1094|1094, 1514, 1513, 1389, 2114, 1521, 189, 582, 319
680-1601|1094|1094, 1956, 1955, 1148, 1787, 1037, 48, 1656, 986, 1332
681-2333|142, 342, 848, 15|342, 920, 142, 532, 64, 24
682-4303|107|107, 2804, 2746, 462, 3643, 3642, 337
683-253|29, 277|278, 5, 6, 29, 85, 461, 277, 1023, 49, 46
684-4097|29, 2553, 620, 207, 2361|1094, 2361, 207, 620, 2553, 29, 2782, 2781
685-3835|1763, 207, 2612|207, 282, 35, 620, 806, 3682, 2361, 2553, 29
686-3937|107, 1807|1807, 2774, 2665, 107, 204, 64, 342, 156, 280
687-793|2114, 1389|1389, 2114, 163, 432, 759, 588, 357, 426, 213, 1130
688-4358|107, 3684|107, 154, 5, 1430, 6, 3684, 3680, 3681, 111, 645
689-4356|107, 2631, 2632|2632, 1379, 39, 2631, 107, 2629, 85, 2664
690-4330|107, 224, 6, 1158, 3685, 1580|107, 3678, 396, 224, 3685, 221, 49, 48, 1230, 1617
691-4347|107|174, 3689, 2148, 64, 699, 3687, 173, 3688, 3686
692-4348|341, 85, 1664, 279|174, 85, 279, 1664, 173, 341, 3687, 3688, 2148, 226
693-9|36|36, 463, 24, 26, 815, 713, 354, 963, 4, 1389
694-1872|474|795, 1548, 670, 735, 63, 1094, 2830, 2831, 79
695-292|10, 12, 430, 26|390, 254, 2775, 26, 64, 430, 12, 2538, 10, 93
696-4047|193, 1130, 221|1130, 173, 174, 3647, 213, 478, 224, 357, 26, 193
697-1944|1094|1094, 1173, 13, 645, 5, 970, 3694, 103, 6, 3692
698-4334|107|107, 221, 49, 48, 224, 1230, 3678, 396
699-4148|107|1094, 107
700-4134|29, 338, 1211, 1192, 1193|22, 338, 3662, 1193, 29, 189, 917, 898, 461, 3692
701-3878|247, 1129|247, 1129, 5, 188, 14, 1060, 904, 1862, 385
702-242|3693, 239, 3692, 461, 14, 1534, 717, 189|3692, 105, 149, 14, 392, 1094, 582, 32, 2119, 2118
703-4358|107, 18, 6, 5, 1238|107, 31, 489, 85, 5, 395, 642, 3680
704-4358|107, 794, 18, 42, 5, 1238|107, 85, 2654, 1430, 570, 154, 3680, 31, 489, 559
705-4298|107|107, 3613
706-3810|2539, 188|113, 1037, 52, 2539, 794, 15, 3609, 408, 1316, 32
707-4329|2665, 2826, 213, 357|213, 357, 2665, 2826, 462, 2824, 2827, 3675, 89, 367
708-4337|107, 101|107, 239, 142, 3680, 3678, 396
