0-3909|2, 3, 353, 335, 396|2, 6, 63, 62, 49, 47, 5, 50, 4, 12
1-570|45, 462, 280, 466, 634, 467, 40|107, 280, 462, 40, 111, 45, 154, 204, 449, 224
2-174|73, 1254, 472|470, 469, 472, 471, 149, 62, 171, 188
3-5|459, 462, 460, 0, 22|460, 462, 459, 22, 309, 473, 42, 278, 366, 64
4-314|107, 462, 468, 40|107, 40, 6, 224, 45, 5, 468, 462, 466, 68
5-1662|1886, 13|645, 49, 171, 8, 13, 690, 691, 47, 107, 157
6-124|409|14
7-1889|695, 696, 52, 697|697, 52, 696, 695
8-430|698|698, 111, 283, 357, 276, 8, 445, 246, 64, 22
9-1016|247, 482, 704|729, 721, 60, 247, 13, 708, 704, 734, 720, 725
10-364|85, 102, 5, 6, 14, 760, 322, 761, 528, 771, 772, 529, 762|6, 5, 14, 40, 32, 761, 85, 30, 762, 760
11-7|8, 87, 25|373, 87, 773, 8, 51, 129, 774
12-1238|775, 463|776, 463, 775
13-1438|14, 529|32, 14, 767, 582, 188
14-1262|616, 339, 354, 484, 820, 464|354, 32, 781, 806, 128, 35, 153, 717, 812, 225
15-1149|446, 47|47, 49, 35, 888, 114, 879, 45, 374, 52, 50
16-1490|1210|517, 342, 894, 634, 903, 14, 702, 898, 446, 905
17-69|784, 45, 785, 225, 254, 29, 778, 786, 787, 83, 788, 170, 372, 789, 791, 717, 128|49, 45, 254, 372, 925, 778, 369, 851, 126, 242
18-808|793, 128|870, 46, 130, 368, 582
19-1936|18, 79|144, 29, 79, 362, 347, 84, 461
20-4116|1173, 189|735, 926, 189, 13, 79, 241, 425, 113, 7, 474
21-3508|957|933, 106, 5, 172, 98, 953, 117, 936, 956, 672
22-109|6|797, 401, 958, 248, 141, 207
23-271|254, 42|85, 15, 791, 32, 733
24-233|59, 369, 246, 370, 371, 376, 79, 372, 47, 373, 374, 375, 49|85, 126, 45, 49, 47, 372, 6, 5, 103, 402
25-3785|2094|946, 735, 618
26-2493|963, 736|582, 189, 970, 188, 929, 144, 29, 405, 998, 981
27-1057|1003, 641, 484, 655|189, 82, 32, 1003, 1005, 81, 78, 1004, 500, 634
28-726|730, 1031|49, 105, 5, 130, 707, 1015, 13, 163, 1020, 906
29-3911|107, 595, 2551|47, 107, 252, 409, 61, 384, 1033, 48, 1032, 732
30-870|869, 85, 596, 1035, 68|1035, 37, 843, 1036, 49, 35, 371, 47, 144, 370
31-484|1040, 611, 602|968, 1040, 44, 1042, 32, 30, 43, 632, 666, 1043
32-1209|141, 247|247, 254, 246, 45, 6, 1044
33-857|793, 857|47, 49, 14, 903, 1045, 1046
34-1904|242, 863, 23|645, 242, 887, 888, 909, 228, 14, 156, 142, 1029
35-1232|367, 308|1050, 68, 142, 463, 386, 353, 807, 45, 282, 418
36-217|355, 122, 246, 35, 356, 357|777, 1055, 93, 252, 213, 1056, 1054, 659, 1057, 1040
37-2082|721, 206, 397, 5|583, 163, 639, 26, 62, 124, 553, 576, 79, 1060
38-1542|305, 522|936, 305, 1068, 1067, 952, 1065, 1064, 445, 106, 1069
39-1187|863, 91|91, 68, 90, 1076, 60, 1073, 38, 14, 1072, 1074
40-722|1085, 1101, 707|1085, 14, 1101, 13, 47, 49, 16, 64, 1083, 1060
41-656|282, 353|353, 282, 1104, 1103
42-2087|107, 1121, 542, 47, 5, 49|542, 47, 49, 219, 1119, 1122, 800, 702, 1121, 113
43-2472|715, 1835, 806, 1837|252, 893
44-1985|654|752, 6, 5, 751, 35, 653, 652
45-1770|247, 1060, 939|1060, 409, 206, 247, 1134, 1145, 644, 35, 5, 1153
46-801|582, 1183|1183, 582, 1145, 445, 79, 94, 583, 206
47-212|343, 348, 85, 154, 2567, 1185, 147, 970, 64, 422, 296, 1190, 22|1185, 189, 1186, 835, 49, 47, 970, 609, 423, 408
48-233|47, 353|47, 92, 49, 242, 353, 78, 23, 114
49-1422|172, 672, 4, 5|183, 4, 672
50-526|247, 621|106, 359, 578, 32, 113, 1195, 14, 49, 425, 5
51-602|1197|1197, 717
52-4083|2553, 467|19, 830, 838, 1198, 207, 6, 654, 1041, 1199, 103
53-14|114, 1200, 609, 49|1200, 247, 246, 665, 49, 408
54-83|567|567, 488, 858
55-1289|141, 45, 733, 242, 167|242, 1201, 6, 614, 1046, 342, 446, 103, 905
56-653|14, 22|22, 170, 40, 84, 227
57-1477|1202|1202
58-1189|1077, 282, 342, 45, 32|35, 32, 179, 1078, 282, 1077, 6, 47, 114, 45
59-109|645|645, 1203, 130, 14, 1208, 425, 147, 1204, 142, 13
60-2661|179|340, 254, 45
61-1222|707, 217, 1893, 1102, 110|14, 1215, 100, 707, 568, 645, 13, 281, 1211, 659
62-2076|117, 107, 83, 79, 47, 68, 49|47, 1218, 423, 655, 45, 50, 246, 114, 1235, 49
63-3503|1053|1053, 354, 302, 605, 64, 339, 258, 508
64-1866|898, 706, 1543, 717|947, 1003, 1246, 47, 1241, 1037, 1245, 79, 795, 1244
65-1542|1068, 305, 936|1250, 936, 1251, 206, 723, 1252, 645, 1063, 39, 1253
66-361|61, 1689|47, 114, 15, 49, 478, 60, 596, 1254, 14, 374
67-456|79, 84, 278|79, 84, 113, 47, 68, 22, 64, 21, 278, 20
68-632|106, 305, 936|936, 305, 106
69-407|50, 51, 487, 1074, 5|5, 1074, 64, 580, 487, 417, 153, 416, 189, 124
70-3875|239, 249, 14, 1678|1070, 1067, 1261, 1066, 1065, 1064, 1063, 445, 78, 481
71-607|62, 1266, 560, 1268, 311|1265, 560, 1273, 2, 297, 1266, 1268, 1270, 1215, 323
72-1370|271, 1274, 225, 963, 812, 500, 273, 1150, 1181|812, 225, 1274, 717, 271, 963, 17, 81, 1275, 6
73-1966|1285, 1281, 1284, 1280, 1283, 396|1283, 1280, 396, 1284, 153, 1285, 1276, 1279, 655, 1278
74-4039|1286|1286, 1110
75-2467|1368, 1588, 1292, 1294|1294, 1289, 1292, 1297, 1307, 1296, 1306, 1293, 817, 42
76-918|687|208, 65, 6, 1311, 266, 371, 49, 353, 792, 609
77-3340|426, 388, 1332, 553|426, 1332, 63, 47, 65, 437, 32, 48, 107, 188
78-984|1207, 768, 85, 198|6, 85, 768, 1207, 538, 113, 637, 1118, 352, 891
79-381|117, 79, 213, 357, 457|79, 357, 213, 117, 1297, 521, 40, 144, 29, 154
80-1028|41, 39, 5, 6|39, 65, 6, 5, 41, 26, 963, 24
81-1527|141, 45, 254, 1426|254, 385, 45, 11, 121, 85, 103, 141
82-110|50, 51, 52, 175|6, 5, 323, 671, 645, 751, 396, 419, 126, 122
83-1105|1339, 1337, 1023, 13|1337, 13, 6, 5, 1340, 1023, 241, 1339, 1338, 707
84-1475|1341, 188, 22|22, 1341, 188, 343, 73, 360, 14, 13
85-2443|1811, 582, 703, 655, 1534|582, 655, 556, 412, 517, 113, 1277, 732, 85, 717
86-268|49|1147, 5, 22, 24, 713, 1347, 83, 1342, 889, 149
87-1641|254, 604, 556, 1219, 26, 42, 1259, 124|1259, 170, 26, 239, 1348, 1349, 377, 1247
88-323|65, 84, 40|79, 40, 84, 41, 18, 14, 65, 22, 64, 21
89-2531|498|84, 22, 750, 906, 147, 475, 1351, 674, 704, 130
90-3948|239, 324, 855|1353, 590, 962, 812, 225, 464, 379, 170, 1132, 181
91-427|106, 1077, 1060, 1201|47, 246, 1201, 14, 171, 247, 114, 454, 35, 1373
92-3302|1240|577, 517, 815, 1389, 892, 1387, 1347, 342, 1388
93-1744|354|29, 833, 1390, 449, 6
94-3884|117, 2, 1392, 6, 1393, 1212, 756, 5, 660, 746|348, 1391, 5, 746, 14, 1393, 1392, 223
95-1145|6, 1099, 5, 418|645, 49, 47
96-3948|401, 298, 239, 103, 85, 962, 2977|1394, 1395, 579, 1199, 85, 103, 298, 1396, 401
97-388|30, 32|32, 824, 717, 273, 1274, 271
98-780|247, 1397, 645, 14|645, 1397, 618, 707, 13, 425
99-1953|1398|1398, 1399, 490, 342, 6, 418, 654, 1400, 207, 282
100-1424|1401, 323, 5, 6|1401, 311, 926, 14, 6, 5, 264, 263, 142, 186
101-2402|181|1279, 1277, 106, 1406, 101, 1345, 117, 67, 102, 992
102-2027|1416, 60, 774, 206, 1419, 1413|206, 1411, 64, 1416, 1413, 68, 39, 93, 1419, 47
103-2015|342, 38|45, 386, 26, 1038, 38, 64, 252, 469, 23, 254
104-804|748, 1437, 339|189, 5, 3692, 14, 6, 717, 267, 461, 746, 3695
105-3882|1440, 107|98, 14, 1438, 1359, 24, 490, 1441, 1439, 466, 228
106-460|432, 588, 589|589, 588, 1443, 432, 1442, 1444
107-2486|1448, 1762|1453, 5, 1447, 48, 511, 27, 103, 858, 753, 597
108-1282|565|565, 367, 1275, 365, 154, 217, 822, 991, 74, 354
109-1210|1080, 107, 952, 1462, 1091, 14, 1460, 1466, 1092, 1067|952, 1079, 402, 1461, 1067, 1460, 1459, 1462, 107, 1080
110-804|1469|704, 206, 582, 808
111-1360|1580, 1144|1473, 189, 1471, 14, 13, 230, 5, 42, 354, 485
112-1541|137, 2, 935, 1475, 6, 305, 111, 98, 936|305, 111, 1475, 936, 935, 172, 617, 364, 217, 130
113-3331|231, 14, 898|898, 14, 231, 49, 48, 47, 46, 1477, 1476, 250
114-816|340, 810, 32|340, 64, 128, 821, 169, 893, 517, 353, 921
115-934|1510|1492, 1514, 1513, 1491, 1500, 1482, 1480, 1505, 1522, 1494
116-971|903|98, 820, 863
117-1597|114, 188, 47, 49|49, 47, 79, 475, 5, 17, 45, 692, 126, 114
118-845|845|845
119-407|1797, 52, 557, 5|424, 580, 1524, 470, 1074, 1129, 1525, 49, 47
120-1583|1526, 133|47, 1526, 1027, 1351, 29, 1160, 79, 246, 419, 144
121-1571|64, 6|39, 674, 54, 371, 517, 353, 921, 49, 47, 126
122-205|21, 64, 155|6, 64, 893, 1528, 14, 904, 27, 659, 345, 1529
123-850|50, 142, 14|50, 14, 1528, 847, 147, 39, 45, 85, 29, 65
124-639|59, 499, 49|49, 47, 50, 14, 45, 126, 864, 715, 868, 114
125-1873|1900, 63, 32, 26|32, 179, 378, 296, 270, 79, 106, 992, 48, 1531
126-719|241, 13, 1060|1060, 241, 707, 14, 247, 1032, 593
127-4161|1037, 1267, 1032|732, 1037, 582, 1537, 944, 163, 638, 1033, 5, 397
128-256|725|49, 372, 1236, 721, 1551, 14, 79, 926, 517, 735
129-615|673|673, 1300, 1552, 905, 1553, 32, 1338
130-948|903, 266|903, 354, 485, 180, 917, 634, 367, 1555, 1554
131-385|94, 419|94
132-3564|107, 1557, 1564, 1099, 498, 1566|498, 1564, 47, 703, 94, 1558, 1563, 649, 1566, 246
133-1914|835, 2801|835
134-1255|1547, 1347|961, 354, 503, 1307, 85, 1347, 1569, 863, 242, 228
135-938|915|712, 1293, 634, 915, 1266, 1045, 1570
136-1421|1582, 645, 939|14, 645, 35, 5, 1003, 44, 189, 6, 172, 154
137-1188|93|93, 45, 1157, 246, 794, 49, 2, 388
138-396|29, 337, 313|409, 644, 13, 1148, 144, 29, 645, 638, 1589, 335
139-4302|3642, 1352, 3643|939, 847, 1060, 1591, 903, 905, 1173, 1084, 645, 13
140-448|49, 1050, 1382, 79, 388|49, 79, 247, 59, 114, 5, 6, 103, 85, 180
141-1193|1595|369, 141, 1592, 1594, 1593, 527, 898, 577, 23, 244
142-4054|282, 620, 2621, 2607, 1942, 1157|1394, 1597, 116, 1598, 654, 206, 29, 242, 39, 1599
143-4352|8, 685|372, 61, 60, 384, 55, 47, 93, 15, 171, 49
144-1147|774, 206|863, 228, 1426, 189, 128, 85, 50, 5, 39, 242
145-1023|72, 1406, 98, 221|5, 183, 98, 172, 1097, 1189, 1406, 1601, 92, 46
146-1546|1283|1283, 1280, 1282, 1281
147-1517|208|208, 369, 52, 795, 794
148-1704|112, 14|14, 113, 645, 673
149-1777|29, 85|486, 1603, 85, 107, 219, 98, 1079, 1385, 302, 891
150-804|45|402, 1079, 1370
151-3508|1613, 1604, 85, 649, 402, 35, 103|13, 1337, 254, 1605, 252, 154, 1604, 45
152-2028|1606, 466, 1610, 1608, 1029|1608, 1606, 1610, 253, 1425, 1609, 228, 1613, 1607, 1620
153-435|2151, 47, 68|1077, 64, 654, 206, 1629
154-3457|107, 1606, 253, 1608, 1425|45, 1425, 1608, 1606, 1630, 254, 1010, 1423, 1613, 1628
155-525|107, 1631, 1090, 47, 49|1631, 49, 1090, 14, 113, 47, 1632, 46, 79, 32
156-1344|1649, 135, 47|47, 1637, 1639, 1640, 32, 1645, 113, 1644, 1648, 1641
157-66|123, 311, 20, 366, 278, 21, 64, 127, 124, 22|127, 22, 64, 21, 20, 117, 0, 361, 367, 92
158-2044|6|6
159-2094|193, 1717, 177|628, 279, 577, 1651, 1617, 5, 1060, 35, 645, 6
160-1607|188, 189|5, 206, 31, 48, 986, 135, 361, 1656, 14, 1443
161-1285|335|254, 1657, 26, 748, 1259, 68, 67, 15, 1360, 1658
162-222|85, 726, 14, 361|704, 14, 13, 171, 93, 254, 45, 486, 239, 726
163-1921|341, 154, 1665, 40, 344|5, 1665, 6, 308, 1664, 1663, 195, 50
164-1384|485, 206, 1666, 105, 1236|1666, 1236, 571, 570
165-3566|128|764, 1667, 1671, 1670, 1669, 948, 706, 567, 1672, 189
166-829|803|803, 112
167-3875|239, 249, 14, 1678, 936|1145, 84, 1148, 645, 206, 1079, 1385, 302, 98, 6
168-156|171, 94, 41, 206, 1706|1698, 1702, 94, 542, 1706, 5, 1090, 280, 107, 49
169-1216|1714, 1081, 1713, 1466|1466, 1711, 1092, 1080, 1461, 1091, 1067, 1460, 1462, 952
170-1097|715, 852, 39, 206, 645, 1715, 1252, 5|1715, 5, 645, 715, 206, 39, 1067, 1460, 1081, 1080
171-868|400, 1621, 47|47, 374, 373, 180, 883, 45, 1722, 32, 1621, 400
172-168|6, 5|5, 6, 85, 14, 898, 707, 231, 110, 239, 1723
173-471|546|546
174-2369|142, 342|342, 142, 631, 776, 550, 24, 815, 920
175-2378|1755, 1751, 1347|1347, 1751, 768, 1752, 1750, 1755, 686, 22, 898, 14
176-2343|239, 659|659, 239, 354, 898, 342, 1111, 1205, 24, 964, 1726
177-2182|1111, 1757|1111, 1455, 1530, 342, 631, 776, 1757, 1736, 142, 463
178-2362|1755, 1761|1761, 1755, 593, 22, 518, 163, 367, 1444, 1759, 898
179-3319|810, 582|582, 832, 32, 239, 806, 805
180-3819|1590, 976|1763, 1762, 113, 1766, 1765, 63, 1764, 1453, 1445, 976
181-890|50, 228, 713, 879, 887, 1426|879, 342, 242, 1653, 228, 895, 1300, 905, 673
182-2412|354, 1099, 237|1099, 237, 1777, 1129, 1782, 6, 1781, 49, 1769, 113
183-895|659, 1787|1788, 463, 1787, 659, 1037, 1785, 1290, 1786, 931, 732
184-4352|1790|372, 61, 60, 384, 55, 47, 93, 15, 171, 49
185-2394|107, 595, 869, 1791, 2296, 455, 843, 1036, 47|1036, 843, 596, 1791, 869, 595, 107, 1765, 1795, 1794
186-1891|246|298, 246, 1796, 35, 1394, 1590, 1434
187-651|52, 308|52, 1797, 14, 92, 50, 246, 1320, 469, 49, 188
188-2059|764, 1267, 567, 1800, 1801, 1667, 706|567, 706, 1800, 764, 65, 1667, 1801, 1267, 930, 1671
189-2425|239, 446, 1789, 1210|221, 335, 339, 1743, 58, 15, 56, 920, 491, 759
190-135|62, 1762, 638, 409|122, 5, 47, 1266, 649, 499, 26, 64, 45, 212
191-161|1803, 781, 217, 240, 241, 13, 54|49, 14, 1022, 13, 364, 1804, 868, 306, 1803, 281
192-551|206|47, 45, 645, 50, 14, 206, 1805
193-4159|1558|863, 1558, 187, 629, 35, 242, 299, 498, 266, 1099
194-29|141, 79, 1808, 42|1808, 79, 1809, 1807, 1813, 1633, 347, 40, 42, 664
195-3532|141|1816, 1558, 1663, 141, 1426, 103, 683, 29, 1818, 1817
196-2459|1821, 1207, 1820|52, 1819, 1821, 1426, 1820
197-1968|52|1240, 1822, 46, 68, 1827, 1376, 1826, 45, 527, 93
198-4353|117, 306, 971, 84, 64|372, 61, 60, 384, 55, 47, 93, 15, 171, 49
199-4353|214, 971, 405, 84, 64|372, 61, 60, 384, 55, 47, 93, 15, 171, 49
200-245|120, 88, 140|1675
201-1561|1833, 550, 1298, 1294|1833, 1834, 1294, 1588, 1307, 1457, 1368
202-4354|1434, 1590, 836, 2634|372, 61, 60, 384, 55, 47, 93, 15, 171, 49
203-1989|45, 342, 35, 654, 2382, 68|35, 253, 68, 654, 206, 1199, 1038, 298, 6, 1842
204-2488|1448, 1845|1846, 1845, 1448, 1844, 1435, 1766, 596, 638, 1344, 1843
205-3599|1450, 113|858, 1434, 1453, 1847, 1198, 455, 113, 638, 688
206-758|378, 1808, 582|1808, 94, 817, 1002, 582, 171, 1848, 378, 732, 482
207-17|14, 49|59, 629, 163, 17, 45, 38, 1196
208-2486|1344|631, 1344, 1766, 6, 299, 48, 49
209-2055|64, 596, 29, 858, 335, 64, 250, 64|64, 6, 29, 277, 1256, 154, 342, 339, 60, 611
210-341|50, 51, 493|1427, 499, 103, 85, 175, 623, 1271, 794, 144, 500
211-234|377, 378, 254, 1854|1854, 377, 254, 153, 26, 124, 463, 49, 226, 170
212-3889|1828, 1129, 1855, 149|149, 1855, 1129, 1828, 81, 65, 768, 1147, 713, 745
213-1773|254|254, 313, 1354, 1009, 808, 1860, 1421, 1857, 794, 469
214-3122|669|308, 377, 26, 170, 124, 388, 527, 254, 179, 367
215-2983|732, 582, 1862, 470|470, 1667, 553, 992, 1676, 1862, 1869, 65, 1270, 659
216-1461|1554, 666, 556, 32, 365, 1043, 632|800, 1585, 1225, 1223, 359, 1224, 1222, 455, 52, 1770
217-1601|48, 1667|1870, 488, 1667, 1691, 79, 2, 49, 62, 1875, 113
218-2398|1077, 219, 114, 1769, 47, 49|47, 1077, 49, 35, 1769, 114, 242, 372, 794, 113
219-404|963, 1878, 404|963, 404, 645, 1878, 1870
220-4160|654, 1881, 1447|1796, 338, 1882, 1881, 654, 1880, 339, 1590, 1879
221-3329|1884, 1650, 1173|1173, 1885, 1884, 240, 14, 47, 766, 2, 1006, 690
222-3880|153, 11|54, 1042, 1040, 968, 66, 634, 787, 52, 92, 1802
223-1421|1892, 6, 939, 5|1891, 245, 5, 6, 103, 14, 683, 1892, 85, 39
224-3574|935, 60, 68, 1897, 91|1897, 935, 60, 26, 45, 254, 124, 247
225-3837|1939, 94|808, 254, 512
226-694|638, 3610, 3609|357, 213, 117, 6, 62, 49, 188, 26, 45, 755
227-61|60, 29, 1898, 372|372, 1898, 313, 60, 29, 114, 42, 180, 65, 79
228-3876|1930, 436, 46|939, 1386, 39, 1097, 1629, 1077, 5, 645, 707, 1079
229-2082|206, 5|638, 62, 254, 40, 1050, 93, 78
230-3530|1270|1420, 6, 50, 5, 198, 103, 1052, 112
231-1467|794, 1196, 38, 47|47, 59, 1196, 38, 794, 5, 26, 1900, 50, 1382
232-156|711, 206, 40, 397, 5|206, 1901, 5, 397, 721, 1903, 1032, 572, 1266, 163
233-2582|1909|221, 49, 48, 224, 1230, 5, 6, 239, 142, 3683
234-65|122, 600, 2513, 54|1060, 39, 1910, 1039, 1032, 1911, 206
235-1402|939|546, 49, 522, 523, 47, 94, 52, 79, 14, 107
236-4352|685, 713, 1914|372, 61, 60, 384, 55, 47, 93, 15, 171, 49
237-1644|370|179, 1448, 1915
238-1778|707, 1472, 1917|1916, 707, 14, 1060, 1917, 1733, 926, 1144, 264, 85
239-347|14|14, 32, 266, 707, 704, 230, 553, 554, 274, 706
240-1560|889, 6, 5|5, 1275, 342, 6, 64, 191, 545, 1920, 1919, 1148
241-640|50, 85, 39, 103|354, 519, 1046, 463, 103, 1921, 834, 32, 87, 85
242-2821|1933|1923, 1932
243-116|342, 1629|1060, 469, 1629, 39, 14
244-3822|736|736, 1293
245-3312|1940, 1942, 654, 1938|1938
246-3311|1940, 1941, 179, 1938|1938, 179, 1939, 1942, 1941, 1940
247-3310|179, 1938|179, 798, 1939, 1943, 1938, 654
248-3267|32, 32, 824, 824, 1934, 1936, 1935|1934, 1935, 32, 824
249-4160|2061, 466, 449|597, 1436, 50, 763, 85, 408, 78, 2, 158, 1266
250-2933|965|965
251-1625|590|457, 1228, 31, 551, 5, 1194, 676, 14, 13, 6
252-1531|335|42, 26, 179, 250, 12, 1657, 1360, 1321, 10, 666
253-781|713, 1799|42, 535, 1931, 851, 469, 1326, 1945, 78, 179, 313
254-1498|319, 582, 189|189, 582, 319
255-751|240|163, 13, 1173, 768, 14, 240, 693, 16, 1697, 1950
256-1790|1957, 1956|1957, 1966, 32, 1956, 1864, 1527, 1686, 1873, 220, 409
257-2473|3500, 35, 3622|38, 1840, 35, 1038, 298, 1053, 880, 32, 620
258-3448|2056, 2057, 1971, 2029|2029, 1971, 2026, 2025, 654, 2008, 2028, 2043, 2036, 2035
259-3430|1971, 2012|1971, 1221, 2008, 899, 1431, 2019, 654, 2006, 2011, 737
260-3370|1969, 1970|1970, 1976, 1620, 1969, 1983, 1079, 565, 103, 1971, 1985
261-661|85, 32, 1988|1079, 1970, 1988, 402, 1983, 2021, 2024, 1921, 2023, 32
262-3787|98|163, 240, 668, 52, 1808
263-837|32, 237|1597, 207, 1922, 837, 418, 827, 32, 807, 47, 1132
264-3427|179|256, 32, 85, 1620, 353, 156, 21, 490
265-3357|1864|1864, 64, 191
266-1434|107|939, 107, 409, 638, 62, 1094
267-1416|2077, 14|14, 94, 49, 140, 498, 39, 1145, 667, 1015, 392
268-169|369|308, 377, 26, 170, 369, 189, 849, 851, 254, 179
269-1629|154|768, 1752, 364, 769
270-1517|794, 198, 1420, 1697|167, 308, 1420, 12, 6, 112, 502, 198, 92, 8
271-3476|2080|2080, 2079
272-3474|2082, 2080|2080, 2082, 2079, 2081
273-3474|2082, 2080|2080, 2082, 2079, 2081
274-234|469, 2083, 42|2083, 469, 471
275-2803|248, 1710, 1747|140, 142, 308, 1578, 1247, 556, 1362, 1403, 414, 250
276-3476|198, 2080|167, 2080, 198, 2081, 2084
277-269|6, 5|5, 6
278-2406|595, 35|35, 595
279-276|106, 62, 107, 410, 2, 4, 122, 408, 523, 188, 477, 49|49, 107, 122, 4, 47, 477, 523, 117, 246, 188
280-1381|208, 2469|542, 372, 47, 208, 246, 2089, 2085, 219, 171, 141
281-1857|175|52, 795, 794, 150, 175, 2094, 1544, 1539, 623, 581
282-2575|188|2098, 478
283-490|87|469, 42, 1857, 471
284-1721|29, 1009, 254|1009, 556, 1325, 1190, 922, 217, 902, 2, 72, 214
285-3312|1450, 35, 1942, 654, 1394, 2850|2101, 2102, 2104, 35, 37, 1096, 39, 454, 2103, 2100
286-3817|596, 46, 2542|1079, 596, 1096, 2106, 1696, 2105, 1958, 32, 94, 967
287-533|45|49, 47, 163, 5, 395, 59, 609
288-1508|826|826
289-3470|1761|1761, 1760
290-1966|117, 2107, 1281, 2108, 1283|1283, 2107, 2108, 117, 153, 181, 1053, 32, 733
291-2069|172, 45, 29, 463, 683, 1347, 1059, 73, 103, 179, 5|2109, 92, 690, 293, 461, 240, 217, 686, 2110
292-2090|1420|198, 8, 1420, 50, 62, 1325, 560, 794, 1326
293-1788|1114|15, 20, 898, 2111, 819, 916, 815
294-3459|35, 1366, 5|1423, 402, 282, 806, 253, 35, 156, 1015, 838, 38
295-1805|2, 79, 113|79, 2, 113, 29, 18, 1928, 999, 78, 582, 1003
296-3874|359|423, 246, 359, 1320, 942
297-2432|1457, 3, 57, 15, 1747|621, 1529, 924, 1210, 817, 1784, 1743, 239, 308, 906
298-110|1094|221, 357, 1806, 213, 52, 303, 85, 1514, 1482, 1521
299-3855|2117, 304|304, 2117
300-1297|902, 217, 2118, 2119, 32|2119, 2118, 800, 217, 1124, 582, 922, 221, 1684, 152
301-1319|1277|217, 216, 6, 64, 79, 2, 40, 42, 30, 32
302-71|1631|1631, 396, 279, 122, 17, 145, 45, 1090, 1400, 6
303-2063|659, 313, 660|660, 313, 659, 189, 84
304-3873|171, 2096|2127, 2128, 208, 342, 24, 774, 1270, 913, 239, 1784
305-3531|2132, 2133, 179|179, 32, 1939, 373, 1200, 819, 1094, 228, 1938, 1983
306-1061|239, 999, 582, 1000, 813|817, 245, 239, 49, 47, 1365, 94
307-3229|110|717, 5, 26
308-4353|2, 971|372, 61, 60, 384, 55, 47, 93, 15, 171, 49
309-2101|64, 1111, 142, 342, 1724|342, 142, 1111, 1455, 24, 1530, 20, 354, 485, 631
310-878|247|208, 5, 6, 2134, 247, 2144, 2135, 2140, 2137, 172
311-3808|93|93, 1094, 540, 376, 382, 35, 2116, 253, 242, 968
312-3504|206, 2146|2146, 206
313-3801|1946|2126, 42, 142, 68
314-1682|49|2147, 35, 12, 6, 502, 122, 49, 126, 17, 45
315-502|1145|14, 32, 266, 625, 256, 85, 593, 322, 5, 342
316-2512|1009, 1620|733, 2148, 2053, 2149, 266, 335, 103, 85, 1620
317-2023|2117, 304|1610, 141, 2117, 1620, 1627, 304, 668, 1618, 228
318-1915|469, 436, 2151|2150, 808, 2151, 1060, 383, 469
319-1100|906, 527|527, 906
320-806|801|2153, 797, 32, 6, 418, 2152, 801, 68, 854
321-1952|1597|32, 801, 207
322-187|1094|1094, 52, 478, 970, 374, 243, 1240, 2076
323-2058|195, 1664|47, 1615, 52, 45, 246, 228, 39, 236, 2154, 2155
324-1943|905|1300, 618, 673, 1553, 189
325-65|2513|49, 45, 2, 2157, 1662, 704
326-810|826|826
327-2520|93|93, 45, 254, 26, 64, 621, 555, 2158
328-4159|102, 2160, 2161, 2164|2167, 2166, 2164, 2163, 2161, 2160, 117, 2159, 319, 2168
329-2868|2172|2179, 2172, 2175, 2180
330-1673|645, 978, 14|2197, 1181, 1015, 14, 978, 645, 2193, 627, 2196, 2195
331-428|50, 126, 511, 246|49, 408, 63, 35, 391, 313, 948
332-388|32, 717|565, 105, 14, 31, 6, 85
333-68|125, 122, 22|22, 64, 21, 20, 149, 296, 286
334-2481|402, 38|2155, 838, 253, 228, 1130
335-3579|79|79, 68, 52, 2198
336-3547|1610, 1029|1029, 1610
337-2361|1752, 768, 1755, 1751, 2200, 1347|2200, 1347, 1751, 1755, 768, 1752, 2199, 246
338-3578|1610, 2201|2201, 1610
339-26|1161|1161, 645, 1157, 46, 1137, 717, 512, 35, 246, 1142
340-2829|2311|1610, 228, 2202
341-119|50, 128, 713, 47|47, 370, 256, 85, 488, 424, 49, 188, 978, 156
342-420|2206, 48, 65, 84|84, 48, 42, 171, 79, 1069, 2205, 1967, 31, 29
343-1023|2211|5, 717, 3692, 85, 6, 461, 970, 14, 29, 3694
344-1832|228, 2212|1610, 2212, 228
345-3663|2213, 335, 301, 158, 1129, 654|2213, 144, 6, 18, 63, 2227, 2, 1233, 2225, 1532
346-3612|2213, 574, 2068|2213, 1129, 2068, 217, 2215, 6, 2249, 979, 29, 63
347-3588|2213, 2238, 501|1129, 2213, 2215, 2238, 63, 501, 2240, 1691, 488, 1697
348-3645|29, 144|2213, 144, 29, 2361, 2376, 337, 1192, 1199, 188, 2268
349-3708|2362, 2213, 2363, 2364, 2365, 2366, 2353|2213, 1882, 2373, 2380, 424, 1192, 2368, 2367, 2379, 2447
350-3765|67, 2213, 1359, 1141, 23|2213, 1915, 6, 335, 2266, 2464, 67, 48, 85, 2311
351-3692|2213, 1229, 2235|2213, 1032, 2235, 364, 247, 2469, 2423, 48, 132, 2463
352-911|505, 902, 903, 266|2471, 16, 624, 1895, 217, 239, 240, 149, 1022, 593
353-3628|1915, 2213, 512, 2466, 2126|2213, 1915, 2466, 2244, 2235, 113, 1129, 1776, 221, 1601
354-3679|2213, 1084, 548|2213, 48, 29, 1084, 2423, 2472, 256, 1129, 2487, 1913
355-3662|2492, 2459, 2213|2213, 1776, 2230, 29, 2235, 737, 64, 356, 2053, 2475
356-3737|2231, 2422, 2213|2213, 2231, 1915, 1129, 2244, 1709, 2332, 2435, 2475, 1333
357-1405|886, 2213, 144|2213, 144, 29, 1776, 18, 152, 64, 6, 1406, 14
358-3592|2213, 72, 2322|2213, 1129, 1810, 1776, 1616, 606, 1691, 2237, 1242, 749
359-3754|85, 2463|1776, 2429, 2213, 2235, 2470, 2229, 1034, 1344, 737, 2442
360-3737|2458, 2213, 103|2213, 1129, 2244, 2247, 2332, 2435, 1334, 1333, 1229, 2229
361-2479|35|478, 454, 500, 353, 370, 179
362-1928|2, 454, 2106, 313, 35, 717|2512, 65, 2514, 54, 2513, 246, 600, 122, 120, 454
363-276|2213, 408, 1129, 49|2213, 29, 144, 2, 1129, 606, 2515, 6, 1776, 2517
364-2453|1346, 35, 2518|2518, 49, 371, 1346, 1899, 35, 114, 2519, 621, 2336
365-1154|1592|851, 64, 26, 945, 67, 1592, 395, 1266, 206, 2158
366-3767|2213|2213, 2393, 2387, 2386, 2385, 2384, 1315, 2395, 2392, 1620
367-783|432, 2521, 759, 582, 755, 163|254, 198, 45, 143, 239, 624, 241, 364, 593, 149
368-966|841|1570, 2474, 1453, 528, 2382, 2522, 113, 841
369-3324|2523|2523, 49, 371, 114, 2229, 615
370-1252|1410|1410
371-3825|154, 568, 898, 512, 149|568, 1006, 13, 2526, 241, 1661, 2524, 2525, 1625, 1893
372-3784|1848|47, 1315, 488, 48
373-3455|295, 2530, 2167, 2163, 2164, 2160, 2166|2166, 2530, 2160, 2163, 2164, 2169, 117, 2167, 1271, 319
374-725|63, 2531|2531, 105, 163, 572, 5, 113, 1002, 582, 800, 1121
375-4355|1854, 14, 2532, 1236|372, 61, 60, 384, 55, 47, 93, 15, 171, 49
376-2583|835, 1795|1795, 1794, 382, 1793, 1792, 1599, 1451, 2535, 1447, 2263
377-3789|216, 345|314, 659, 733, 737, 2468, 149, 188, 1620, 832, 644
378-1889|52, 2008, 501|501, 2008, 52, 116, 237, 1887, 214, 15, 405, 2
379-103|45, 254, 64, 26, 167, 93|64, 26, 93, 42, 1946, 2538, 68, 41, 179, 221
380-2072|1664, 5|5, 85, 764, 79, 29, 47, 645, 528, 49, 349
381-9|34, 6, 24, 36|49, 46, 48, 2195, 2341, 1060, 14, 29, 5, 644
382-798|1485, 1482, 1514|618, 673, 1301, 1297, 895, 1300, 342, 446, 905, 296
383-1146|968, 1425|968, 645, 5, 453, 45, 6, 83, 247, 1662, 1044
384-3811|2544, 2545, 968|968, 2545, 2544, 6, 499, 2543, 83, 5, 247, 144
385-4045|2549|1013, 659, 342, 2510, 446, 223, 344, 1588, 631, 655
386-1817|1170, 79, 163, 188|5, 188, 128, 442, 1293, 228, 948, 863, 14, 2142
387-2450|191|191, 1955, 163, 31, 48
388-3826|141, 1239, 242, 253, 1838, 236, 298, 35|242, 35, 1346, 382, 141, 299, 662, 1613, 800, 45
389-1886|794, 52|50, 5, 487, 794, 48, 1578, 51, 342, 45, 228
390-2364|1754|425, 1893, 2525, 690, 1006, 2524, 1661, 1662, 1625, 528
391-2479|35|35, 1836, 253, 6, 1839, 970, 236, 354, 1805, 1858
392-1065|1006|913, 568, 13, 1754, 495, 241, 240, 1855, 171, 16
393-458|2, 6, 906, 250, 259|1818, 5, 6, 30, 32, 2548
394-3871|687, 1047, 511|5, 6, 1812, 171, 1047, 1717, 29, 49, 409, 47
395-2000|715, 32|282, 806, 6, 715, 353
396-4077|29, 339, 2553|1447, 1835, 2552, 517, 976, 1477, 353, 2553, 29
397-4116|500, 1173, 189|645, 1173, 663, 112, 2554, 27, 402, 499, 128, 444
398-3847|179|179, 153, 2556
399-3853|484, 2558|2558, 1158, 2557, 2560, 179, 2559, 2561
400-3852|2561|1158, 2557, 2560, 179, 2559, 484
401-3322|2570, 81|1667, 264, 23, 106, 102, 484, 564, 553, 81, 26
402-3859|141, 1696, 341, 280, 2106, 2565, 1346, 1620|2565, 280, 2566, 68, 1620, 113, 490, 1627, 466, 1617
403-2425|659, 1789|84, 46, 511, 490, 1878
404-739|2568|2568, 2573, 2572, 2569, 31, 84, 227, 1928, 179, 641
405-981|50, 29, 85, 144, 361|144, 29, 2250, 14, 1476, 667, 2229, 985, 2436
406-3915|107|107
407-3915|2574|2574
408-4355|2533, 247, 2532|372, 61, 60, 384, 55, 47, 93, 15, 171, 49
409-855|853, 851, 665|252, 64, 73
410-3539|2436, 2268, 1129|1776, 188, 1129, 144, 29, 2268, 2436
411-190|1129|985, 1032, 2436, 1060
412-1353|1915, 1776, 978, 14|2253, 2436, 2294, 488, 1129, 1776, 144, 1915, 29
413-821|35|1346, 35, 1079, 1077
414-3789|216, 768|189, 1147, 1347, 149, 769, 770, 154, 768, 550
415-2368|117, 92, 1734|776, 297, 2576, 102, 106, 325, 117, 2095, 311, 65
416-1033|2579|2579
417-59|1094|1094, 68, 863
418-1740|2435, 2580, 113|2580, 113, 2068, 2435
419-2096|154, 32, 1722, 47, 221|47, 85, 45, 221, 2091, 190, 2581, 372, 902, 15
420-1707|1016|129, 1016, 1817, 225, 512, 35, 6, 638, 2582, 774
421-1934|171|171, 1129, 14, 1347, 768, 6
422-3578|228, 616, 467|2584, 68, 2585, 1615, 2586, 411, 774, 228, 2583, 1620
423-1615|1060|1060, 707, 14, 13, 5, 6, 1157, 45
424-286|107|93, 107, 2590, 141, 2589, 254, 182, 60, 26, 64
425-3502|2591, 2106, 1096, 1079|1096, 2591, 403, 122, 597, 1129, 967, 1689, 1696
426-3319|810, 1405, 793|1273, 810, 354, 2468, 2592, 317, 266, 179, 1655, 1431
427-2049|2593|2593, 1453, 593, 1454, 2474, 1229, 1434, 2594, 63, 1448
428-3573|107|107, 389, 2590, 141, 93, 2313, 546, 26, 64, 473
429-1731|280|280
430-109|92, 6, 5|149, 392, 206, 2109, 92
431-3796|1094|1094, 1601, 1003, 2596, 62, 1679, 492, 1954, 512, 409
432-1365|2597|2597, 727, 634, 247, 35, 246, 1798, 796, 795, 47
433-3594|877, 1859|1859, 877, 470, 570, 2601, 65, 208, 582, 5, 84
434-827|2773, 846, 820|829, 1952, 811
435-2085|1188|1188, 1094, 35, 645, 1023, 1838, 1605, 252, 383
436-1335|246, 46, 293|5, 246, 247, 45, 2, 208, 188
437-1832|228, 1610, 1394|228, 1610, 1394, 2605, 1046, 2065, 629, 863, 339, 2586
438-4040|154, 233, 892, 2755|1680, 40, 689, 152, 84, 882, 1621, 1033, 286, 24
439-242|191, 192, 40, 64|64, 40, 192, 191
440-225|1145|645, 1151, 957, 1145
441-3453|282, 620, 2621, 207, 807|207, 2607, 35, 213, 2618, 1383, 807, 1051, 107, 117
442-1013|2627, 1678|1678, 2627
443-4356|107, 895, 2632|372, 61, 60, 384, 55, 47, 93, 15, 171, 49
444-4354|1434, 2634|372, 61, 60, 384, 55, 47, 93, 15, 171, 49
445-3496|2100|2100, 2103, 2102, 2101
446-957|794, 239, 323, 241, 568|241, 794, 568, 13, 1271, 239, 281, 319, 914, 1754
447-2393|47|47, 2636, 170, 50, 692, 2592, 1378, 556, 1578, 135
448-971|1094|1591, 266, 903, 14, 1507, 1505, 1491, 1485, 1508, 741
449-2787|2, 1578|78, 660, 686, 32, 244, 391, 243
450-764|243, 557|796, 795, 1244, 740
451-2485|1448|177, 1448, 858, 2633
452-3827|2551, 627, 46, 47|115, 155, 59, 49, 60, 5, 47, 865
453-3909|1589|2197, 1453, 1445, 1036, 35, 2551, 595
454-3913|2638|221, 49, 48, 224, 1230, 5, 6, 239, 142, 3683
455-3860|82|2639, 2640, 2281
456-122|107, 287, 348, 185, 186, 289|2, 349, 5, 397, 64, 101, 217, 429, 107, 184
457-3865|2642|2642, 2641, 655, 142, 1946, 26
458-2566|85, 2122|298, 402, 401, 5, 608, 247, 512, 13, 241, 1173
459-3920|184, 107, 1420|2643, 107, 181, 2646, 264, 2645, 2644
460-3481|250, 477, 49|352, 2485, 1583, 418, 2650, 1366, 6, 751
461-3877|556, 2582|2582, 556, 822, 1444
462-2005|645|645, 2651, 222
463-1329|634, 15|350, 29, 986, 144, 21, 2156, 1053, 889, 65, 1158
464-1859|50, 51, 638, 1540|644, 85, 348, 206, 739
465-560|32, 823|113, 107, 1738, 582, 44, 54, 31, 29, 549, 2652
466-546|582, 1829, 1087, 1667, 113, 1060|1060, 14, 49, 217, 1689, 60, 1157, 2, 1696, 1667
467-4356|107, 1651, 286|372, 61, 60, 384, 55, 47, 93, 15, 171, 49
468-539|1094|1094, 2343, 206
469-3926|556, 2536, 906, 171, 2192|144, 29
470-873|864, 242, 47|47, 242, 189, 247, 1129, 669, 582, 79, 163, 1788
471-550|247, 65, 254, 113|206, 774, 1418, 800, 1951, 1622, 223
472-1392|1094|1094
473-3873|6, 746|746, 23, 1212, 6, 1347, 961, 519, 1256, 1976
474-3479|49, 463, 47|47, 49, 50, 463, 2657, 2655, 14, 5, 1033, 46
475-109|6, 2658, 5|5, 179, 2658, 528, 582, 130
476-530|1408, 101, 2659, 47|2659, 47, 45, 59, 416, 1436, 868, 1234, 2660, 190
477-1944|1896|247, 926, 2661, 308, 503, 163, 2662, 342, 2597, 1037
478-250|2590, 93|93, 995, 2590
479-1601|48, 986, 1656, 84, 457|51, 634, 144, 770, 29, 526, 152, 780, 1228, 79
480-2460|60|1774, 1797, 469, 65, 178, 113, 580, 696, 553, 32
481-3908|107|107, 2629, 39, 2628, 2463, 1097, 1902, 776, 2630
482-661|85|157, 112, 2663, 141
483-4357|107, 2665, 280, 254, 40, 64, 93|372, 61, 60, 384, 55, 47, 93, 15, 171, 49
484-2455|1825, 1376|874, 1376, 68, 1824, 1827, 52, 1825, 60, 1826, 1823
485-1011|670, 630|1548, 670, 254, 365, 48, 32
486-1893|905, 311, 1552|2676, 47, 659, 117, 106, 2675, 1271, 92, 282, 38
487-2030|2575|2575, 498, 1606
488-569|107, 942, 47|47, 49, 52, 107, 113, 353, 92, 1384, 45, 14
489-1215|917, 15, 47|47, 49, 15, 221, 32, 107, 59, 14, 794, 50
490-2551|13|13, 240, 2683, 1456, 1896, 926, 2661, 720, 247, 2684
491-3942|92, 26|64, 395, 2520, 1648, 1645, 1427, 45, 26, 163, 221
492-1245|815|815, 746
493-350|1427|84, 206, 63, 2, 926, 2687, 1427, 45, 354, 2686
494-1562|1300|354, 713, 266, 631, 776, 2630, 85, 396, 12, 6
495-3950|3690, 487|48, 79, 641, 29, 2639, 2640
496-1456|2313, 14, 47|47, 135, 1646, 1641, 791, 153, 1645, 1643, 243, 2688
497-368|1094|1094
498-1961|228, 1046, 94, 863, 498, 1566|1094, 5, 47, 1567, 246, 371, 171, 35, 1566, 498
499-3968|2739|2726, 2716, 2727, 2498, 353, 2609, 2421, 2703, 1943, 2702
500-4038|181, 2741, 2743|2741, 2746, 181, 2745, 2740, 2743, 102, 117, 106, 2742
501-4028|117, 2741, 2748, 2746, 2742, 3641, 2749|2748, 2741, 2749, 2746, 117, 2752, 2745, 181, 2742, 2744
502-5|222, 2179|1074, 402, 2753, 994, 2754, 93, 42, 84, 1059, 482
503-361|45, 61, 63, 1427|254, 124, 250, 562, 564, 308, 2562, 142, 26, 45
504-557|599, 547, 47, 5|5, 47, 59, 138, 1100, 1436, 794, 50, 49, 149
505-234|153, 254, 1357|254, 45, 114, 164, 1421, 648, 166, 47, 1357, 651
506-3858|154, 2567, 2756, 64|2756, 1010, 820, 103, 1732, 905, 829
507-4044|184, 2757, 2759|2757, 604, 2758, 1318, 319
508-4043|2758, 2757, 604|2757, 2759, 184, 1318, 319
509-1732|65|2760, 313
510-1288|2650|791, 2650
511-378|79, 406|79
512-4045|107, 511|147, 2761
513-262|106, 2, 29, 63, 144, 246, 408|117, 246, 794, 59, 942, 14, 26, 798, 295, 141
514-1796|1737, 102|325, 463, 313, 184
515-1023|2762, 2763|5, 717, 3692, 85, 6, 461, 970, 14, 29, 3694
516-311|2130|204, 280, 107, 644, 466, 462, 45, 40, 435, 2130
517-349|2764, 725|2764, 2765, 247, 1009, 29, 710, 14, 44, 939, 947
518-244|171, 239|5, 655, 732, 130, 735, 47, 92, 498, 1478, 1518
519-1640|736, 93|93, 736, 254, 666, 1818
520-3500|403, 52|403, 454, 51, 50, 246, 794
521-3952|655|1541, 78, 655, 64, 354, 733, 340
522-814|2767|32, 2766, 2770, 2610, 2767, 85, 1413, 509, 728, 112
523-2007|794, 2106|1094, 2316
524-1564|1306, 1296, 1307, 1297, 1294|107, 1305, 1293, 1304, 1303, 1302, 6
525-4052|107, 6, 1294|6, 107, 1294, 1305, 970, 1293, 1304, 1303, 1302
526-3537|130, 6, 14, 5, 1157|5, 1157, 201, 6, 171
527-140|203, 45, 194, 461, 26|266, 85, 50, 49, 197, 14, 408
528-4052|107, 1293|107, 1833, 1293, 1297, 1296, 1834, 1294, 815, 736, 1019
529-3466|184, 2771, 2074, 939|2771, 2074, 184, 2075, 939, 117, 181
530-242|32, 582, 14, 105, 149|582, 44, 32, 113, 14, 65, 2157, 247, 6, 485
531-14|49|49, 47, 126, 45, 50, 994, 113, 52, 51, 246
532-3568|2772, 831, 611, 819|2772
533-180|14, 113|5, 582, 715, 44, 47, 191, 349, 1148, 124
534-1668|645|354, 85, 1805, 242, 2663, 620, 485, 1103
535-134|60, 1390, 655, 2829|649, 39, 242, 715, 122, 437, 926, 1699, 655
536-4050|2362, 1025, 654, 2058|2766, 1603, 2022, 103, 1732, 905, 1996, 829, 354, 1082
537-1502|973, 494|64, 26, 93, 49, 395, 254, 45, 654, 1318, 2537
538-113|29, 1849, 178, 180, 179, 143, 47|1849, 45, 126, 47, 29, 374, 163, 144, 2, 50
539-109|6, 645, 14|49, 47, 376, 246, 375, 374, 373, 372, 79, 371
540-2082|163, 1200, 392|1200, 105, 163, 206, 429, 5, 6, 14, 398, 49
541-167|2776|2776, 65, 1173, 766, 60, 531, 2, 354, 1456, 686
542-4058|2200, 2777|2777, 2200
543-2420|731|47, 1308, 40, 84, 731, 64, 191
544-2573|1180, 18, 48, 206|94, 1180, 1173, 84, 135, 572, 220, 206, 217, 1179
545-1815|184, 1523, 29, 79, 213|213, 79, 1523, 184, 42, 1953
546-2632|258, 2, 1356, 29, 859, 340, 1814, 179, 1727, 611, 490, 1756, 686, 313, 660|490, 1356, 659, 812, 225, 660, 1273, 313, 142, 510
547-2610|85, 1921, 2024, 2021|5, 85, 1278, 47, 114, 820, 69, 2630, 517, 893
548-767|2778, 2780, 2779|2778, 2779, 2780, 221, 14, 322, 614, 560, 171, 6
549-280|154, 40, 296, 425, 22|22, 582, 363, 320, 85, 2630, 2519, 478, 153, 247
550-235|206|206, 1426, 746, 6, 241, 24, 1652, 135, 239, 1684
551-4300|2781, 2782|2782, 2781
552-2489|1854|5, 800, 884, 760, 278, 84, 1854, 799, 997
553-4355|1854, 14|372, 61, 60, 384, 55, 47, 93, 15, 171, 49
554-458|6, 906, 1854, 259|756, 14, 2784, 1854, 485
555-3498|2100, 2103|2100, 2103, 2101, 2102
556-4357|107, 45, 2665, 41, 64, 26, 138|372, 61, 60, 384, 55, 47, 93, 15, 171, 49
557-1496|239, 246, 47|1334, 1544, 79, 794, 150, 198
558-4115|1852, 2785, 1853, 2786, 2788, 2787, 1852, 2789|6, 2785, 378, 45, 1129, 385, 611, 441, 12, 1852
559-103|469, 1947, 1948|1948, 469, 2466, 654, 2570, 124, 1950
560-1434|462, 1182, 1339|939, 107, 1099, 645, 206, 48, 79, 500, 1015, 213
561-4118|281, 868, 2793|2794, 2793, 281, 2792, 2791, 117, 181, 2797, 2796, 1428
562-3859|696, 2117, 304|2801, 304, 2117, 242, 2802, 1627, 696
563-4320|2803, 2812, 2804, 2805, 2807|2805, 2804, 2803, 2818, 264, 2810, 117, 311, 189, 498
564-978|179, 266|1620, 1009, 26, 654, 177, 833, 198, 1041, 45, 1656
565-1911|1557, 634|1099, 634, 1557, 498, 863, 2529
566-3852|2561, 1200|1200, 2556, 2557, 2092, 2350
567-1214|219, 68, 2058|1029, 219, 715, 2058, 1328, 1947, 2282, 1181
568-541|535, 32, 14|1079, 1096, 2106, 2591, 111, 359, 201, 121, 280, 122
569-3876|2819, 1763, 2257|49, 1096, 1524, 94, 35, 1796, 2821, 2782, 2820, 1843
570-4142|1094|1094
571-1052|1403, 487, 994, 3652|59, 92, 220, 39, 217, 320, 79, 755
572-900|961|1094, 645
573-2728|1094|1094
574-622|677, 2549, 514|6, 889, 1430, 154, 5, 293, 240, 217, 2110, 1060
575-4149|1094|1094
576-4299|8, 2018, 237|8, 225, 15
577-1016|271, 225, 812, 85, 247, 273, 6, 40, 266, 5, 717|717, 5, 14, 6, 812, 225, 42, 254, 142, 93
578-2082|582, 2822, 2823, 1074|2823, 2822, 582, 1074
579-1187|1094|1094, 644, 189, 717, 5, 461, 13, 85
580-3910|1094|1094
581-2825|490|490, 23, 29
582-4354|1448, 2634|372, 61, 60, 384, 55, 47, 93, 15, 171, 49
583-1318|60, 224, 1130, 213, 2825, 357|357, 213, 2825, 1130, 224, 60, 215, 1681, 2810, 78
584-3472|462, 436, 213, 345|2827, 2826, 357, 213, 313, 215, 2824, 61
585-3920|184, 2649, 1059|107, 181, 2646, 264, 2645, 2644
586-104|1240|49, 47, 45, 408, 1066, 794, 59, 117, 1200, 256
587-3472|417|107
588-1811|519, 634, 64|1389, 892, 1387, 1347, 342, 1388, 20, 65, 1114, 517
589-149|1030|1030
590-2525|498, 2519|2519, 498, 189, 188, 63, 607, 217
591-1035|85, 45, 958, 808|15, 1259, 377, 2785, 378, 45, 42, 242, 1953, 666
592-763|2831, 735, 554, 553|735, 2831, 2830, 553, 48, 934, 1548, 670, 980, 426
593-149|794, 2094, 47|47, 2094, 794, 79, 732, 2832, 1238, 582
594-3910|663|545, 1920, 2801, 21, 85, 254, 836, 835, 737, 579
595-1788|1094|1094, 42, 60, 2199, 2835
596-3770|2609|2152, 2281
597-2033|715, 282, 253, 2607, 2116, 376|35, 102, 311, 2153, 281, 2607, 2608, 282, 141
598-1578|45, 114, 47, 49|49, 47, 52, 794, 2681, 184, 441, 372, 247, 46
599-242|489, 262|163, 738, 1094, 489, 262, 2684, 1110
600-1140|378, 1808, 43|582, 378, 94
601-3930|1094|1094
602-2597|128|128, 641, 367, 538, 898, 2836, 1758, 592, 32
603-388|484|484, 717, 43, 1527, 2635, 2570, 48, 554, 1676, 731
604-681|94, 335, 841, 1201|6, 1100, 94, 713, 889, 2654, 135, 372, 85, 929
605-4200|1358, 3028, 3029, 1943, 2002, 3030, 3031, 3032, 2857, 3033, 3034, 3035, 3036|1943, 2857, 2855, 2634, 3022, 1599, 1448, 2867, 3024, 2974
606-4282|1448, 595, 3059, 1943, 1599, 3022, 2982, 3606, 2634, 1598, 3038, 3024|1943, 3022, 1448, 1599, 2634, 3024, 2982, 3038, 3025, 3037
607-2131|3562, 354|354, 3562
608-4268|2979, 3019, 1943, 3536, 3537, 3538|1943, 2979, 2903, 2980, 3020, 3019, 3599, 3021, 338, 3156
609-4206|1448, 3059, 1943, 1599, 3022, 3025, 2634, 3024, 3060|1943, 3022, 1448, 1599, 2634, 3024, 2982, 3038, 3037, 3059
610-571|789|67, 142, 1657, 1360, 78, 3607, 841, 1259, 1219, 153
611-3830|365, 149|2775, 3610, 72, 548, 154, 576, 3609, 188, 1037
612-527|163, 395, 5|163, 49, 395, 197, 247, 171, 79, 362
613-124|29, 154, 144, 84|94, 40, 154, 79, 47, 206, 14, 794, 408, 2681
614-3883|3611, 376|3611, 3612, 1687, 1672, 1569, 1391
615-1337|246|246, 29, 1450, 403, 6, 113
616-4299|107, 3613|3613, 107
617-4081|3616, 207|3614, 3615, 1424, 2997, 206
618-750|1094|1094, 65
619-9|36|342, 528, 48, 2653, 2837, 2110
620-4156|213, 2790|2790, 213
621-2750|1937, 360, 813|750, 1959, 340, 556, 2772, 1900, 2148, 1937, 15
622-1758|683, 32, 880, 848|254, 1130, 93, 1329, 45, 917, 733
623-398|644, 1667|2700, 1094
624-4081|3615|3614, 3615
625-1023|3633, 1001, 3634, 3617, 3618, 3619|3621, 3629, 21
626-1000|79|79, 664, 1900, 895, 1553, 1443
627-793|432, 588, 589|774, 1418, 64, 206, 14, 242
628-4303|462, 2746|2746, 2741, 2748, 2745, 2749, 117, 181, 102, 106, 2740
629-697|1667|3612
630-823|50, 47, 49|47, 645, 246, 942, 49, 48, 14, 1100, 13, 143
631-1943|3645|707, 3644, 1060, 1088, 1087, 3645
632-1353|14|50, 64, 247, 254, 144, 500, 29, 852, 163, 14
633-623|313, 189|189, 659, 123, 812, 225, 367, 859, 567, 2
634-4310|1094|1094
635-3815|254|254, 170, 67, 1946, 124, 65, 153
636-812|1095|1372, 1095, 207, 2614, 2608, 1104, 282, 2845, 2840, 1837
637-3931|154, 528|528, 3646, 14, 5, 911, 713, 914, 46, 48, 2837
638-307|59, 92, 145|40, 448, 446, 1130, 3647, 491, 6, 41, 638, 2
639-347|3648, 1714, 1100, 278, 2463|1100, 3648, 1060, 147, 278, 480, 1714
640-1505|59, 794, 114|213, 3649, 2825, 1130, 224, 478, 655, 458, 462, 3647
641-3360|224, 1132, 1130, 213, 357, 221|357, 213, 1130, 224, 478, 426, 30, 32, 3647, 3649
642-620|45, 159, 160, 47, 49|47, 45, 156, 14, 254, 64, 21, 20, 495, 496
643-3360|224, 1130, 689, 213, 2825, 426|265, 426, 2825, 213, 689, 1130, 224
644-189|1181, 3653|1199, 3653, 2501, 29
645-330|79, 163, 1384, 1688, 1238|49, 1083, 14, 205, 374, 1691
646-2492|239, 378, 15|2063, 1543, 15, 32
647-2506|1040, 745, 156, 1808|48, 82, 989, 552, 3654, 934, 68, 40, 1889, 462
648-1944|1094|1094
649-2576|6, 13, 926, 676, 1684|1174, 2783, 1094, 290, 201
650-1408|144, 1445, 2257|46
651-777|889, 914, 6, 755|189, 6, 746, 286, 1895, 36, 34, 5, 14, 1094
652-3908|224, 440, 85, 3656, 308, 528|3656, 440, 224, 632, 1043, 666, 549, 452, 1663, 141
653-770|3657, 1148|582, 262, 1060, 14, 29, 1815, 64, 3657, 191
654-1023|2773, 1431, 540|5, 717, 3692, 85, 6, 461, 970, 14, 29, 3694
655-973|517|517, 47, 246, 783, 833, 18, 1378, 808, 1765, 14
656-837|298, 207, 237|207, 298
657-1370|2097|2097, 2096, 2, 1918, 313, 254, 1254, 733, 2104, 1691
658-335|22|22, 3659, 3660, 3662, 2808, 332, 984, 3661, 342, 2276
659-22|2, 3, 638, 6, 77, 259|357, 285, 303, 553, 30, 32, 152, 688, 488
660-115|3674|49, 1275, 2773, 1701, 59, 3674
661-3886|1094|1094
662-342|154, 270, 108, 40, 425|3652, 487, 1403, 94, 113, 163, 391, 456, 49, 458
663-3802|560, 64, 26, 167, 1946|261, 210, 3675, 2824, 357, 213, 2826, 462
664-4328|107|107
665-4327|107|107
666-4328|1240|107
667-3807|2540, 41, 254, 2228, 138|138, 41, 45, 89, 464, 42, 452, 3676, 357, 79
668-4351|462, 213, 89, 357|357, 213, 462, 2826, 3676, 2824
669-4357|107, 2665, 41, 64, 26|372, 61, 60, 384, 55, 47, 93, 15, 171, 49
670-434|239|1673, 745, 79, 254
671-398|3677|3677
672-4351|462, 2824, 213, 89, 357|357, 213, 462, 3675, 3676, 2826, 2824
673-4339|45, 6, 570, 3681, 31, 3679, 3683|396, 3678, 422, 1288, 419
674-1853|1094|1094
675-4315|3670, 3294|3670
676-4339|107, 45, 462, 6, 570, 3681, 31, 3679, 3683|107, 142, 3679, 3681, 1179, 239, 2131, 3680
677-3319|1123, 1059, 820|820, 1059, 1123
678-1057|32, 641, 30, 1128|42, 254, 641, 2284, 365, 32, 378, 1270, 984, 48
679-1797|1094|1094
680-1601|1094|1094
681-2333|142, 342, 848, 15|64, 342, 24, 532
682-4303|107|3643, 3642, 337, 107
683-253|29, 277|5, 6, 103, 85, 49, 46, 1023
684-4097|29, 2553, 620, 207, 2361|1094
685-3835|1763, 207, 2612|207, 35, 620, 2361, 2553, 29, 806, 3682
686-3937|107, 1807|2774, 1807
687-793|2114, 1389|1389, 2114
688-4358|107, 3684|372, 61, 60, 384, 55, 47, 93, 15, 171, 49
689-4356|107, 2631, 2632|372, 61, 60, 384, 55, 47, 93, 15, 171, 49
690-4330|107, 224, 6, 1158, 3685, 1580|107, 224, 3685, 1617, 221, 49, 48, 1230, 138, 970
691-4347|107|174, 3687, 3688, 3686
692-4348|341, 85, 1664, 279|3687, 3688, 2148, 834, 85, 3682, 226, 225, 733, 3686
693-9|36|463, 354, 815
694-1872|474|795, 63
695-292|10, 12, 430, 26|390, 254, 2775
696-4047|193, 1130, 221|1130, 191, 2054, 5, 206, 3691, 733, 834, 3682, 3686
697-1944|1094|1094, 240
698-4334|107|107
699-4148|107|107
700-4134|29, 338, 1211, 1192, 1193|338, 3662, 2808, 1193, 3673, 3672, 3665, 2835, 3667, 3666
701-3878|247, 1129|247, 1129, 1060, 1862, 904, 385
702-242|3693, 239, 3692, 461, 14, 1534, 717, 189|3692, 189, 717, 461, 239, 85, 5, 267, 14, 6
703-4358|107, 18, 6, 5, 1238|372, 61, 60, 384, 55, 47, 93, 15, 171, 49
704-4358|107, 794, 18, 42, 5, 1238|372, 61, 60, 384, 55, 47, 93, 15, 171, 49
705-4298|107|107
706-3810|2539, 188|713, 3610, 638, 17, 3609, 149, 411, 365, 15, 2111
707-4329|2665, 2826, 213, 357|213, 2665, 357, 2824, 2827, 3675, 2826, 89, 367
708-4337|107, 101|107
