0-3909|2, 3, 353, 335, 396|2, 1589, 47, 965, 49, 2213, 6, 1094, 45, 5
1-570|45, 462, 280, 466, 634, 467, 40|107, 45, 965, 40, 47, 49, 2213, 462, 1094, 280
2-174|73, 1254, 472|254, 965, 62, 73, 2213, 188, 171, 469, 1094, 149
3-5|459, 462, 460, 0, 22|22, 965, 473, 107, 2213, 47, 64, 49, 6, 1094
4-314|107, 462, 468, 40|107, 40, 280, 462, 965, 468, 49, 47, 2213, 14
5-1662|1886, 13|13, 645, 49, 965, 47, 1060, 171, 14, 2213, 1886
6-124|409|14, 2213, 965, 1094, 29, 47, 1129, 49, 144, 6
7-1889|695, 696, 52, 697|52, 1540, 713, 696, 697, 695, 965, 47, 2213, 1094
8-430|698|49, 107, 698, 965, 47, 106, 2213, 68, 14, 1094
9-1016|247, 482, 704|645, 40, 965, 926, 349, 941, 1094, 2213, 79, 14
10-364|85, 102, 5, 6, 14, 760, 322, 761, 528, 771, 772, 529, 762|14, 5, 6, 965, 85, 32, 2213, 1094, 47, 49
11-7|8, 87, 25|8, 773, 373, 965, 25, 1094, 129, 87, 47, 49
12-1238|775, 463|463, 776, 775, 965, 26, 1111, 713, 1112, 1094, 2213
13-1438|14, 529|1094, 14, 130, 582, 32, 965, 188, 1183, 767, 2213
14-1262|616, 339, 354, 484, 820, 464|354, 965, 616, 49, 47, 2213, 189, 1094, 3692, 6
15-1149|446, 47|47, 49, 446, 45, 965, 342, 14, 2213, 1094, 1049
16-1490|1210|1210, 965, 14, 342, 517, 2213, 1094, 239, 634, 1205
17-69|784, 45, 785, 225, 254, 29, 778, 786, 787, 83, 788, 170, 372, 789, 791, 717, 128|49, 45, 965, 47, 254, 372, 2213, 1094, 5, 6
18-808|793, 128|128, 793, 130, 582, 965, 46, 189, 870, 368, 1004
19-1936|18, 79|79, 2, 965, 29, 582, 189, 144, 347, 319, 2213
20-4116|1173, 189|1094, 6, 965, 94, 14, 2213, 500, 1015, 47, 1100
21-3508|957|35, 1015, 402, 156, 965, 933, 47, 2213, 937, 5
22-109|6|141, 2213, 5, 965, 797, 6, 248, 958, 1094, 47
23-271|254, 42|965, 32, 85, 733, 15, 791, 254, 2213, 47, 1094
24-233|59, 369, 246, 370, 371, 376, 79, 372, 47, 373, 374, 375, 49|47, 49, 965, 85, 5, 45, 6, 2213, 1094, 372
25-3785|2094|618, 965, 1923, 946, 735, 659, 2213, 567, 2468, 27
26-2493|963, 736|731, 582, 965, 1808, 378, 49, 2213, 547, 1094, 47
27-1057|1003, 641, 484, 655|965, 189, 32, 2213, 1094, 82, 49, 1923, 47, 14
28-726|730, 1031|49, 5, 47, 965, 1094, 14, 2213, 163, 1243, 730
29-3911|107, 595, 2551|47, 595, 2551, 35, 206, 965, 1036, 107, 2213, 49
30-870|869, 85, 596, 1035, 68|49, 869, 596, 85, 68, 47, 965, 2213, 35, 37
31-484|1040, 611, 602|14, 968, 965, 5, 6, 1040, 2213, 44, 1094, 47
32-1209|141, 247|247, 14, 6, 45, 965, 254, 49, 47, 246, 2213
33-857|793, 857|47, 857, 49, 14, 965, 903, 68, 1046, 1045, 2213
34-1904|242, 863, 23|47, 863, 965, 242, 1715, 49, 2213, 713, 14, 1716
35-1232|367, 308|402, 965, 952, 1079, 128, 728, 2213, 1051, 47, 49
36-217|355, 122, 246, 35, 356, 357|246, 47, 93, 965, 1040, 213, 2213, 1054, 49, 252
37-2082|721, 206, 397, 5|5, 583, 965, 206, 1094, 2213, 163, 47, 49, 124
38-1542|305, 522|305, 1068, 875, 965, 106, 952, 1067, 445, 1065, 1064
39-1187|863, 91|91, 45, 68, 965, 242, 90, 47, 2213, 254, 1094
40-722|1085, 1101, 707|14, 5, 965, 1094, 49, 47, 707, 6, 2213, 1085
41-656|282, 353|698, 282, 353, 1103, 965, 1104, 2213, 1094, 47, 49
42-2087|107, 1121, 542, 47, 5, 49|49, 47, 5, 965, 542, 64, 2213, 113, 1094, 94
43-2472|715, 1835, 806, 1837|893, 252, 35, 965, 6, 2213, 1836, 47, 207, 1094
44-1985|654|6, 5, 965, 3692, 35, 2213, 717, 970, 26, 652
45-1770|247, 1060, 939|14, 965, 206, 1094, 5, 47, 2213, 49, 1060, 6
46-801|582, 1183|1183, 582, 965, 1094, 189, 2213, 319, 1309, 1923, 1145
47-212|343, 348, 85, 154, 2567, 1185, 147, 970, 64, 422, 296, 1190, 22|22, 965, 342, 47, 107, 5, 49, 343, 2213, 14
48-233|47, 353|47, 49, 965, 92, 2213, 1094, 242, 14, 353, 45
49-1422|172, 672, 4, 5|672, 183, 4, 5, 965, 645, 1060, 172, 2213, 47
50-526|247, 621|14, 47, 965, 1094, 49, 5, 2213, 189, 6, 247
51-602|1197|1197, 47, 965, 717, 49, 1923, 2213, 1094, 50, 14
52-4083|2553, 467|2782, 2781, 3615, 965, 47, 3614, 207, 6, 2213, 715
53-14|114, 1200, 609, 49|49, 47, 1200, 965, 246, 247, 2213, 1094, 408, 14
54-83|567|488, 567, 858, 49, 47, 965, 45, 2213, 126, 1094
55-1289|141, 45, 733, 242, 167|242, 965, 6, 68, 342, 45, 2213, 47, 49, 1094
56-653|14, 22|22, 40, 965, 84, 64, 582, 170, 227, 2213, 698
57-1477|1202|1202, 1923, 965, 1094, 2213, 47, 49, 14, 107, 5
58-1189|1077, 282, 342, 45, 32|35, 47, 207, 1077, 965, 45, 342, 179, 282, 6
59-109|645|645, 5, 2213, 6, 14, 965, 1094, 130, 47, 1060
60-2661|179|1923, 965, 340, 45, 254, 2695, 2699, 2213, 1094, 47
61-1222|707, 217, 1893, 1102, 110|14, 5, 965, 1094, 6, 2213, 645, 47, 1102, 49
62-2076|117, 107, 83, 79, 47, 68, 49|45, 47, 59, 79, 965, 163, 49, 246, 17, 2213
63-3503|1053|826, 1053, 965, 605, 64, 2213, 32, 1094, 354, 47
64-1866|898, 706, 1543, 717|965, 796, 795, 47, 1094, 2213, 49, 14, 592, 79
65-1542|1068, 305, 936|305, 1068, 875, 965, 936, 1250, 1251, 2213, 206, 645
66-361|61, 1689|47, 49, 6, 61, 45, 965, 63, 2213, 14, 1427
67-456|79, 84, 278|965, 79, 47, 21, 49, 2213, 14, 1094, 5, 84
68-632|106, 305, 936|106, 305, 936, 965, 952, 1260, 163, 2213, 47, 49
69-407|50, 51, 487, 1074, 5|189, 965, 5, 2213, 52, 47, 1258, 50, 1094, 49
70-3875|239, 249, 14, 1678|2579, 965, 47, 49, 305, 2213, 1094, 5, 107, 106
71-607|62, 1266, 560, 1268, 311|560, 2, 512, 14, 965, 2213, 49, 47, 6, 1094
72-1370|271, 1274, 225, 963, 812, 500, 273, 1150, 1181|717, 1150, 965, 1410, 14, 5, 6, 2213, 49, 1916
73-1966|1285, 1281, 1284, 1280, 1283, 396|1283, 1280, 396, 1281, 965, 1282, 2213, 1284, 1094, 117
74-4039|1286|1286, 2749, 2741, 1110, 965, 184, 117, 2748, 2213, 181
75-2467|1368, 1588, 1292, 1294|1833, 1294, 1675, 107, 965, 1307, 1588, 1457, 1368, 1289
76-918|687|371, 517, 342, 266, 965, 49, 47, 6, 354, 1485
77-3340|426, 388, 1332, 553|1094, 965, 47, 32, 49, 426, 553, 2213, 1956, 1038
78-984|1207, 768, 85, 198|768, 5, 965, 14, 6, 198, 2213, 1094, 47, 85
79-381|117, 79, 213, 357, 457|79, 84, 965, 1297, 2213, 117, 47, 213, 40, 49
80-1028|41, 39, 5, 6|39, 206, 5, 242, 933, 965, 6, 14, 2213, 26
81-1527|141, 45, 254, 1426|68, 93, 965, 45, 1255, 219, 254, 85, 47, 2213
82-110|50, 51, 52, 175|49, 52, 965, 1094, 6, 5, 47, 2213, 35, 14
83-1105|1339, 1337, 1023, 13|1337, 13, 1023, 5, 965, 6, 14, 49, 47, 1094
84-1475|1341, 188, 22|22, 1341, 14, 582, 40, 965, 84, 2630, 13, 1094
85-2443|1811, 582, 703, 655, 1534|965, 1811, 655, 582, 2213, 1094, 1807, 412, 47, 1809
86-268|49|49, 5, 47, 1147, 965, 768, 1094, 2213, 1347, 14
87-1641|254, 604, 556, 1219, 26, 42, 1259, 124|1259, 254, 26, 1353, 965, 239, 170, 319, 1355, 1427
88-323|65, 84, 40|79, 40, 65, 965, 14, 84, 107, 2213, 47, 1094
89-2531|498|98, 1350, 965, 14, 2213, 1094, 49, 47, 939, 5
90-3948|239, 324, 855|1094, 965, 1353, 254, 2213, 47, 45, 49, 14, 1923
91-427|106, 1077, 1060, 1201|47, 49, 965, 5, 45, 6, 2213, 14, 1094, 107
92-3302|1240|965, 1094, 342, 1387, 1923, 517, 2213, 1389, 1347, 47
93-1744|354|29, 833, 6, 965, 189, 3692, 2213, 354, 335, 449
94-3884|117, 2, 1392, 6, 1393, 1212, 756, 5, 660, 746|280, 3611, 1391, 14, 348, 5, 965, 1393, 1392, 2213
95-1145|6, 1099, 5, 418|645, 47, 49, 35, 965, 5, 6, 2213, 1094, 14
96-3948|401, 298, 239, 103, 85, 962, 2977|1094, 965, 298, 401, 85, 103, 2213, 1199, 47, 49
97-388|30, 32|717, 965, 32, 271, 1274, 273, 1923, 824, 2213, 189
98-780|247, 1397, 645, 14|645, 1397, 618, 14, 965, 2213, 1094, 13, 189, 5
99-1953|1398|6, 354, 116, 965, 342, 189, 3692, 1398, 2213, 207
100-1424|1401, 323, 5, 6|1094, 14, 5, 6, 965, 2213, 1401, 49, 1060, 47
101-2402|181|965, 113, 50, 1345, 1099, 512, 1323, 49, 1094, 2213
102-2027|1416, 60, 774, 206, 1419, 1413|206, 47, 965, 64, 774, 49, 256, 1094, 2213, 5
103-2015|342, 38|64, 965, 35, 1606, 1608, 45, 253, 47, 2213, 49
104-804|748, 1437, 339|1187, 1437, 1435, 965, 339, 603, 2213, 47, 1094, 49
105-3882|1440, 107|14, 98, 965, 107, 2213, 3692, 1094, 717, 85, 1439
106-460|432, 588, 589|1442, 1443, 2213, 965, 432, 588, 589, 1444, 582, 189
107-2486|1448, 1762|1435, 1453, 47, 1434, 1845, 49, 965, 1844, 2213, 45
108-1282|565|965, 794, 565, 1556, 641, 811, 903, 2213, 342, 47
109-1210|1080, 107, 952, 1462, 1091, 14, 1460, 1466, 1092, 1067|107, 965, 1081, 1079, 1092, 47, 1091, 49, 14, 2213
110-804|1469|704, 965, 1435, 1470, 1469, 1468, 2213, 206, 582, 1094
111-1360|1580, 1144|13, 1471, 6, 5, 1144, 965, 14, 1094, 2213, 47
112-1541|137, 2, 935, 1475, 6, 305, 111, 98, 936|305, 111, 935, 6, 965, 2213, 47, 107, 1094, 2
113-3331|231, 14, 898|1094, 14, 49, 47, 965, 2213, 48, 46, 898, 1477
114-816|340, 810, 32|340, 112, 965, 353, 517, 128, 32, 2213, 47, 49
115-934|1510|965, 527, 1492, 898, 1094, 2213, 1923, 1389, 2114, 47
116-971|903|863, 903, 98, 965, 820, 1094, 2213, 47, 1045, 219
117-1597|114, 188, 47, 49|49, 47, 965, 79, 2213, 5, 1094, 14, 1331, 45
118-845|845|845, 47, 5, 810, 965, 49, 14, 2213, 1094, 6
119-407|1797, 52, 557, 5|47, 965, 49, 5, 2213, 580, 1129, 52, 50, 1094
120-1583|1526, 133|47, 965, 2, 498, 2519, 49, 2213, 1313, 116, 1312
121-1571|64, 6|6, 64, 49, 47, 1781, 965, 2213, 45, 371, 1094
122-205|21, 64, 155|64, 14, 965, 6, 107, 22, 2213, 47, 659, 1529
123-850|50, 142, 14|14, 50, 965, 47, 156, 49, 29, 2213, 1094, 142
124-639|59, 499, 49|49, 47, 499, 965, 14, 6, 2213, 1094, 5, 50
125-1873|1900, 63, 32, 26|63, 1094, 32, 965, 79, 2213, 47, 49, 179, 14
126-719|241, 13, 1060|14, 1060, 13, 241, 1094, 965, 2213, 247, 16, 707
127-4161|1037, 1267, 1032|582, 2832, 3674, 1238, 47, 965, 49, 2213, 1094, 1540
128-256|725|1094, 14, 22, 336, 49, 965, 1551, 2213, 47, 79
129-615|673|673, 1300, 342, 965, 1553, 659, 920, 2213, 1094, 32
130-948|903, 266|903, 342, 266, 965, 917, 15, 2213, 897, 634, 367
131-385|94, 419|94, 79, 543, 965, 47, 49, 2213, 1094, 14, 107
132-3564|107, 1557, 1564, 1099, 498, 1566|47, 498, 965, 1099, 1557, 107, 94, 2213, 49, 1094
133-1914|835, 2801|835, 620, 965, 2617, 344, 910, 1199, 2213, 1094, 47
134-1255|1547, 1347|1389, 2114, 1109, 965, 863, 961, 2213, 1094, 85, 47
135-938|915|915, 965, 634, 737, 565, 299, 2189, 1045, 2213, 1293
136-1421|1582, 645, 939|965, 47, 6, 14, 5, 2213, 49, 939, 1094, 45
137-1188|93|93, 254, 64, 49, 881, 965, 388, 45, 47, 2213
138-396|29, 337, 313|965, 1094, 2213, 29, 618, 47, 1434, 49, 144, 645
139-4302|3642, 1352, 3643|107, 3643, 3642, 965, 337, 13, 224, 2213, 1094, 645
140-448|49, 1050, 1382, 79, 388|49, 47, 79, 965, 2213, 59, 5, 6, 1094, 14
141-1193|1595|141, 14, 965, 167, 5, 2213, 1094, 47, 49, 369
142-4054|282, 620, 2621, 2607, 1942, 1157|620, 2663, 2840, 965, 354, 2213, 39, 654, 1094, 47
143-4352|8, 685|1259, 1354, 965, 615, 2213, 254, 1094, 47, 49, 1923
144-1147|774, 206|863, 228, 206, 965, 39, 47, 5, 2213, 50, 1094
145-1023|72, 1406, 98, 221|965, 2213, 40, 5, 1094, 47, 14, 49, 107, 6
146-1546|1283|1283, 1280, 1281, 396, 2107, 117, 965, 1282, 2108, 32
147-1517|208|208, 1389, 2114, 796, 965, 52, 1094, 2213, 5, 47
148-1704|112, 14|14, 645, 965, 113, 673, 2213, 49, 47, 1094, 1060
149-1777|29, 85|1094, 1471, 965, 1079, 107, 2213, 1386, 85, 14, 98
150-804|45|965, 1435, 833, 1370, 32, 2213, 68, 1094, 47, 49
151-3508|1613, 1604, 85, 649, 402, 35, 103|45, 35, 1015, 402, 156, 965, 254, 47, 13, 2213
152-2028|1606, 466, 1610, 1608, 1029|1606, 1608, 1610, 965, 1425, 2213, 47, 1094, 466, 45
153-435|2151, 47, 68|47, 206, 64, 654, 49, 45, 965, 1077, 1629, 2213
154-3457|107, 1606, 253, 1608, 1425|45, 85, 103, 965, 342, 2213, 1606, 1608, 47, 49
155-525|107, 1631, 1090, 47, 49|49, 47, 1631, 965, 14, 1090, 542, 2213, 1698, 1094
156-1344|1649, 135, 47|47, 135, 965, 49, 2688, 876, 2213, 1125, 1094, 14
157-66|123, 311, 20, 366, 278, 21, 64, 127, 124, 22|22, 64, 965, 21, 20, 127, 2213, 47, 14, 49
158-2044|6|6, 14, 1647, 977, 965, 47, 49, 2213, 1094, 107
159-2094|193, 1717, 177|858, 177, 1762, 1763, 965, 2213, 47, 49, 6, 1094
160-1607|188, 189|5, 965, 1094, 2213, 14, 48, 79, 206, 47, 29
161-1285|335|254, 965, 1425, 45, 124, 748, 2213, 1094, 47, 1923
162-222|85, 726, 14, 361|1094, 965, 717, 14, 1137, 645, 85, 2213, 45, 254
163-1921|341, 154, 1665, 40, 344|2, 835, 1665, 6, 5, 644, 965, 50, 1094, 2213
164-1384|485, 206, 1666, 105, 1236|1666, 206, 582, 1183, 965, 570, 1236, 571, 2213, 1145
165-3566|128|965, 1094, 764, 1667, 706, 189, 1923, 1671, 2213, 3692
166-829|803|112, 803, 354, 806, 965, 782, 2213, 47, 49, 1094
167-3875|239, 249, 14, 1678, 936|2579, 965, 409, 49, 47, 2213, 5, 1094, 644, 6
168-156|171, 94, 41, 206, 1706|5, 206, 965, 49, 47, 2213, 14, 79, 1094, 107
169-1216|1714, 1081, 1713, 1466|47, 965, 107, 1092, 49, 1081, 14, 1096, 2213, 32
170-1097|715, 852, 39, 206, 645, 1715, 1252, 5|5, 1715, 206, 965, 39, 1094, 47, 2213, 645, 49
171-868|400, 1621, 47|47, 371, 965, 49, 6, 2213, 45, 50, 1094, 14
172-168|6, 5|5, 6, 14, 965, 645, 1094, 2213, 47, 898, 49
173-471|546|546, 49, 47, 45, 126, 965, 2213, 1094, 14, 107
174-2369|142, 342|342, 142, 631, 965, 1111, 2213, 266, 1094, 776, 1455
175-2378|1755, 1751, 1347|1751, 1347, 1761, 2682, 768, 965, 1752, 14, 2213, 1094
176-2343|239, 659|342, 659, 239, 965, 142, 1111, 631, 2213, 1094, 266
177-2182|1111, 1757|1111, 342, 631, 142, 965, 2213, 776, 1455, 1094, 266
178-2362|1755, 1761|1347, 14, 1751, 768, 965, 2682, 1094, 49, 2213, 47
179-3319|810, 582|582, 189, 319, 965, 2150, 806, 805, 32, 2213, 1094
180-3819|1590, 976|968, 2545, 2544, 1453, 1764, 965, 2213, 1094, 63, 47
181-890|50, 228, 713, 879, 887, 1426|228, 342, 879, 50, 965, 47, 1300, 887, 2213, 49
182-2412|354, 1099, 237|237, 49, 1099, 47, 965, 354, 2213, 2224, 1094, 6
183-895|659, 1787|342, 702, 325, 965, 582, 2213, 1094, 498, 47, 49
184-4352|1790|52, 1790, 965, 2213, 113, 713, 1094, 47, 1265, 49
185-2394|107, 595, 869, 1791, 2296, 455, 843, 1036, 47|35, 49, 595, 107, 596, 1036, 965, 2213, 47, 1094
186-1891|246|47, 49, 246, 965, 1434, 35, 1590, 2213, 1394, 298
187-651|52, 308|52, 14, 965, 47, 49, 2213, 696, 697, 695, 92
188-2059|764, 1267, 567, 1800, 1801, 1667, 706|706, 567, 764, 1667, 965, 1800, 1267, 1801, 1094, 2213
189-2425|239, 446, 1789, 1210|1789, 965, 659, 342, 2213, 1210, 1094, 582, 47, 49
190-135|62, 1762, 638, 409|6, 1094, 47, 965, 62, 2213, 5, 2, 49, 45
191-161|1803, 781, 217, 240, 241, 13, 54|49, 13, 14, 47, 965, 1094, 240, 5, 6, 2213
192-551|206|47, 206, 45, 5, 14, 645, 965, 397, 49, 2213
193-4159|1558|649, 746, 965, 2213, 47, 1094, 35, 14, 49, 103
194-29|141, 79, 1808, 42|965, 79, 49, 2213, 47, 68, 1094, 1808, 72, 26
195-3532|141|68, 1602, 965, 2213, 1094, 47, 49, 103, 5, 298
196-2459|1821, 1207, 1820|1822, 52, 1240, 1819, 1821, 1820, 965, 1426, 47, 1207
197-1968|52|1240, 1822, 52, 47, 965, 1819, 208, 1820, 1426, 2213
198-4353|117, 306, 971, 84, 64|965, 117, 306, 47, 2213, 14, 49, 6, 1094, 1060
199-4353|214, 971, 405, 84, 64|45, 6, 965, 47, 2213, 49, 1094, 2, 26, 306
200-245|120, 88, 140|1675, 107, 117, 965, 396, 2577, 140, 1833, 120, 2213
201-1561|1833, 550, 1298, 1294|1833, 107, 1297, 965, 1296, 1299, 1298, 1293, 1294, 2213
202-4354|1434, 1590, 836, 2634|35, 965, 1836, 1838, 2213, 47, 1094, 970, 49, 207
203-1989|45, 342, 35, 654, 2382, 68|35, 253, 965, 47, 68, 6, 2213, 654, 45, 49
204-2488|1448, 1845|858, 1435, 1434, 177, 1448, 965, 2213, 1453, 1845, 47
205-3599|1450, 113|2213, 858, 965, 1453, 1434, 753, 1129, 113, 47, 1198
206-758|378, 1808, 582|582, 965, 189, 1808, 94, 1094, 2213, 239, 732, 47
207-17|14, 49|59, 47, 49, 45, 965, 14, 163, 2213, 38, 1196
208-2486|1344|1435, 49, 1434, 1845, 6, 1453, 1844, 965, 2213, 631
209-2055|64, 596, 29, 858, 335, 64, 250, 64|858, 60, 2593, 1659, 6, 2213, 965, 64, 342, 1094
210-341|50, 51, 493|50, 51, 965, 493, 2213, 47, 79, 1094, 49, 29
211-234|377, 378, 254, 1854|254, 377, 965, 49, 153, 1854, 26, 2213, 47, 107
212-3889|1828, 1129, 1855, 149|149, 208, 965, 1888, 2599, 2600, 1330, 2213, 65, 1129
213-1773|254|254, 808, 124, 965, 2213, 47, 1094, 313, 49, 45
214-3122|669|965, 2777, 1923, 2692, 669, 2213, 1094, 254, 47, 49
215-2983|732, 582, 1862, 470|965, 1094, 1923, 582, 2213, 14, 553, 47, 49, 1676
216-1461|1554, 666, 556, 32, 365, 1043, 632|582, 1183, 470, 965, 49, 2601, 47, 576, 2213, 1094
217-1601|48, 1667|965, 49, 6, 2213, 1094, 582, 47, 48, 14, 5
218-2398|1077, 219, 114, 1769, 47, 49|47, 49, 1077, 114, 965, 35, 2213, 1769, 45, 1094
219-404|963, 1878, 404|963, 404, 6, 965, 107, 2213, 645, 47, 49, 40
220-4160|654, 1881, 1447|466, 449, 2061, 965, 2213, 1094, 338, 654, 1796, 47
221-3329|1884, 1650, 1173|1650, 756, 14, 47, 1173, 965, 13, 1060, 2213, 1094
222-3880|153, 11|2594, 1434, 965, 49, 14, 2213, 1060, 47, 1094, 206
223-1421|1892, 6, 939, 5|5, 6, 965, 14, 1891, 245, 2213, 939, 1094, 47
224-3574|935, 60, 68, 1897, 91|60, 1610, 935, 1897, 1029, 965, 106, 2577, 389, 45
225-3837|1939, 94|254, 512, 808, 47, 965, 35, 2213, 49, 206, 1094
226-694|638, 3610, 3609|965, 49, 117, 713, 2213, 213, 357, 62, 149, 47
227-61|60, 29, 1898, 372|47, 60, 49, 29, 965, 79, 1094, 2213, 372, 59
228-3876|1930, 436, 46|512, 638, 645, 965, 2213, 5, 1094, 6, 47, 49
229-2082|206, 5|254, 5, 965, 206, 1094, 2213, 40, 47, 93, 49
230-3530|1270|1094, 5, 6, 965, 208, 239, 2128, 913, 1270, 112
231-1467|794, 1196, 38, 47|47, 59, 1196, 38, 965, 49, 2213, 45, 1094, 14
232-156|711, 206, 40, 397, 5|206, 5, 965, 2213, 47, 397, 49, 14, 1094, 79
233-2582|1909|1909, 965, 2213, 1094, 47, 49, 1923, 14, 107, 5
234-65|122, 600, 2513, 54|206, 39, 965, 107, 49, 2213, 47, 122, 117, 1094
235-1402|939|49, 1094, 965, 47, 546, 206, 14, 2213, 5, 6
236-4352|685, 713, 1914|1912, 965, 2213, 1094, 1129, 79, 47, 49, 1923, 14
237-1644|370|179, 47, 1448, 1915, 965, 2213, 49, 1094, 14, 1923
238-1778|707, 1472, 1917|14, 1916, 965, 1094, 5, 6, 2213, 47, 717, 85
239-347|14|14, 1094, 965, 727, 32, 2213, 247, 85, 47, 5
240-1560|889, 6, 5|94, 645, 119, 965, 342, 6, 5, 64, 2213, 1094
241-640|50, 85, 39, 103|39, 5, 85, 103, 965, 645, 2213, 47, 1094, 49
242-2821|1933|965, 1923, 1932, 1933, 1094, 2213, 1356, 47, 49, 14
243-116|342, 1629|1060, 39, 45, 965, 14, 64, 2213, 47, 49, 5
244-3822|736|736, 815, 1293, 965, 171, 281, 2577, 1094, 107, 2213
245-3312|1940, 1942, 654, 1938|1938, 179, 1939, 965, 1942, 1941, 1940, 654, 2213, 1943
246-3311|1940, 1941, 179, 1938|1938, 179, 1939, 1943, 798, 965, 1942, 1941, 1940, 2213
247-3310|179, 1938|1938, 179, 1939, 1943, 798, 654, 965, 2213, 1094, 47
248-3267|32, 32, 824, 824, 1934, 1936, 1935|965, 1935, 1934, 32, 824, 1923, 1933, 1936, 1094, 2213
249-4160|2061, 466, 449|49, 466, 47, 449, 2061, 965, 45, 14, 2213, 1094
250-2933|965|965, 1923, 1094, 2213, 1356, 47, 49, 1932, 14, 107
251-1625|590|1345, 582, 117, 965, 14, 6, 5, 1094, 107, 2213
252-1531|335|1259, 189, 965, 254, 2213, 26, 1094, 45, 47, 42
253-781|713, 1799|3609, 6, 965, 198, 746, 749, 2213, 1094, 42, 78
254-1498|319, 582, 189|189, 582, 2213, 319, 965, 1094, 47, 1923, 49, 14
255-751|240|1094, 965, 254, 5, 6, 240, 2213, 14, 163, 47
256-1790|1957, 1956|2568, 965, 191, 1864, 47, 84, 2213, 1094, 49, 2569
257-2473|3500, 35, 3622|35, 965, 2676, 32, 880, 47, 298, 181, 1836, 970
258-3448|2056, 2057, 1971, 2029|1970, 2029, 1983, 1971, 2057, 2056, 965, 2213, 1976, 1620
259-3430|1971, 2012|654, 1971, 2008, 1970, 818, 965, 2006, 2010, 899, 2213
260-3370|1969, 1970|1970, 1969, 1983, 965, 2213, 1976, 1620, 1094, 2029, 47
261-661|85, 32, 1988|1970, 1983, 965, 103, 1094, 402, 2213, 47, 85, 49
262-3787|98|1808, 668, 163, 14, 965, 98, 466, 490, 892, 1094
263-837|32, 237|965, 65, 806, 6, 237, 837, 838, 2213, 47, 49
264-3427|179|1970, 1983, 179, 32, 256, 965, 85, 2213, 1620, 1094
265-3357|1864|64, 191, 1864, 2568, 192, 965, 2569, 1966, 2158, 2213
266-1434|107|462, 1182, 1094, 965, 14, 47, 2213, 49, 5, 6
267-1416|2077, 14|1094, 14, 49, 247, 1087, 965, 47, 2213, 2078, 1145
268-169|369|254, 965, 1923, 2213, 1094, 45, 47, 26, 49, 1259
269-1629|154|768, 1347, 364, 1147, 769, 1752, 965, 2213, 14, 1094
270-1517|794, 198, 1420, 1697|1389, 2114, 796, 965, 198, 6, 436, 2213, 52, 1094
271-3476|2080|2080, 2079, 2082, 2081, 965, 2213, 1094, 47, 49, 1923
272-3474|2082, 2080|2080, 2079, 2082, 2081, 965, 2213, 1094, 47, 49, 1923
273-3474|2082, 2080|2080, 2079, 2082, 2081, 965, 2213, 1094, 47, 49, 1923
274-234|469, 2083, 42|469, 2083, 254, 965, 471, 2213, 47, 1094, 45, 1353
275-2803|248, 1710, 1747|1923, 965, 254, 2213, 1094, 47, 64, 49, 666, 26
276-3476|198, 2080|2080, 2082, 2081, 2079, 198, 2084, 167, 965, 2213, 1094
277-269|6, 5|5, 6, 49, 47, 965, 107, 2213, 14, 64, 1094
278-2406|595, 35|35, 595, 47, 49, 965, 2213, 6, 596, 1094, 45
279-276|106, 62, 107, 410, 2, 4, 122, 408, 523, 188, 477, 49|49, 47, 2213, 965, 107, 45, 14, 1094, 408, 2
280-1381|208, 2469|48, 49, 47, 965, 596, 1137, 2213, 1094, 14, 6
281-1857|175|794, 965, 175, 623, 1271, 49, 47, 2213, 795, 1094
282-2575|188|2098, 478, 29, 189, 965, 188, 144, 929, 2213, 47
283-490|87|469, 14, 965, 107, 42, 45, 2213, 47, 471, 5
284-1721|29, 1009, 254|72, 965, 254, 2213, 2099, 1094, 47, 214, 49, 2
285-3312|1450, 35, 1942, 654, 1394, 2850|2100, 1938, 179, 1939, 965, 1942, 1941, 1940, 2103, 654
286-3817|596, 46, 2542|46, 1347, 2542, 49, 965, 2213, 1696, 596, 1096, 47
287-533|45|49, 47, 163, 965, 45, 5, 426, 6, 2213, 1094
288-1508|826|826, 1053, 605, 302, 965, 2213, 1094, 47, 49, 1923
289-3470|1761|1761, 768, 1347, 1751, 1760, 2200, 1755, 965, 1752, 2213
290-1966|117, 2107, 1281, 2108, 1283|1283, 2107, 1280, 117, 2108, 965, 1281, 2213, 396, 1094
291-2069|172, 45, 29, 463, 683, 1347, 1059, 73, 103, 179, 5|1678, 240, 2627, 965, 181, 186, 672, 2213, 92, 1094
292-2090|1420|1420, 198, 206, 965, 8, 6, 50, 1325, 47, 2213
293-1788|1114|20, 15, 2111, 965, 65, 1505, 815, 1507, 1114, 2213
294-3459|35, 1366, 5|35, 184, 715, 47, 965, 2213, 49, 1094, 5, 14
295-1805|2, 79, 113|582, 189, 319, 965, 1492, 79, 2213, 1491, 1094, 1517
296-3874|359|47, 49, 2579, 246, 423, 359, 965, 2072, 1823, 2213
297-2432|1457, 3, 57, 15, 1747|965, 57, 1457, 15, 2213, 1747, 47, 1094, 485, 342
298-110|1094|52, 965, 1094, 49, 800, 2213, 47, 85, 14, 65
299-3855|2117, 304|2117, 304, 965, 2801, 280, 242, 2565, 2566, 2213, 1094
300-1297|902, 217, 2118, 2119, 32|1094, 2119, 2118, 965, 2213, 94, 800, 1124, 1122, 47
301-1319|1277|965, 582, 94, 2213, 655, 732, 1122, 340, 6, 1094
302-71|1631|47, 1631, 130, 131, 965, 49, 2213, 6, 1094, 14
303-2063|659, 313, 660|1923, 965, 659, 313, 660, 764, 1671, 1670, 1669, 1094
304-3873|171, 2096|1094, 1389, 2114, 2127, 965, 2096, 1537, 342, 2213, 47
305-3531|2132, 2133, 179|179, 2133, 2132, 965, 2213, 1094, 47, 49, 1923, 14
306-1061|239, 999, 582, 1000, 813|582, 47, 965, 49, 239, 817, 94, 189, 319, 1923
307-3229|110|965, 717, 1923, 5, 26, 1094, 2213, 47, 49, 14
308-4353|2, 971|5, 965, 47, 49, 6, 45, 2213, 14, 254, 1094
309-2101|64, 1111, 142, 342, 1724|342, 142, 1111, 64, 631, 965, 1724, 2213, 1455, 1094
310-878|247|1094, 965, 5, 208, 47, 6, 2213, 35, 14, 94
311-3808|93|93, 1094, 45, 965, 47, 2213, 41, 138, 49, 42
312-3504|206, 2146|206, 2146, 92, 2109, 47, 965, 2213, 1094, 49, 14
313-3801|1946|42, 2126, 1946, 142, 68, 965, 2213, 26, 93, 1427
314-1682|49|6, 418, 49, 965, 1597, 45, 654, 2213, 35, 47
315-502|1145|14, 32, 965, 94, 1094, 266, 47, 2213, 49, 5
316-2512|1009, 1620|64, 40, 191, 192, 1620, 965, 1009, 2213, 85, 1094
317-2023|2117, 304|1610, 1606, 1608, 965, 141, 228, 2117, 2213, 1630, 1620
318-1915|469, 436, 2151|469, 2150, 6, 835, 965, 436, 2151, 112, 12, 502
319-1100|906, 527|2213, 527, 906, 1129, 965, 1019, 1094, 47, 1018, 49
320-806|801|826, 779, 782, 965, 68, 6, 801, 854, 32, 2152
321-1952|1597|207, 1597, 654, 32, 1394, 801, 965, 2213, 47, 1094
322-187|1094|1094, 965, 5, 6, 47, 2213, 49, 106, 107, 1540
323-2058|195, 1664|1094, 45, 47, 50, 1665, 965, 308, 195, 1663, 1664
324-1943|905|1300, 905, 903, 1591, 1553, 965, 673, 342, 2213, 189
325-65|2513|49, 704, 45, 965, 2, 47, 107, 1662, 2213, 122
326-810|826|826, 803, 779, 782, 965, 2213, 47, 1094, 49, 1053
327-2520|93|93, 254, 45, 965, 64, 2213, 26, 47, 1094, 49
328-4159|102, 2160, 2161, 2164|746, 649, 965, 2161, 2166, 2160, 2164, 2163, 2213, 1094
329-2868|2172|965, 1923, 2172, 2179, 1094, 2213, 2174, 2173, 47, 2175
330-1673|645, 978, 14|645, 618, 1060, 1397, 14, 965, 2213, 1094, 47, 49
331-428|50, 126, 511, 246|49, 2213, 35, 965, 47, 122, 63, 408, 313, 391
332-388|32, 717|14, 965, 6, 85, 2213, 1923, 1094, 105, 189, 31
333-68|125, 122, 22|22, 64, 107, 965, 49, 21, 20, 2213, 47, 1094
334-2481|402, 38|2155, 253, 35, 965, 6, 228, 1130, 838, 2213, 47
335-3579|79|79, 52, 68, 664, 965, 2213, 47, 1094, 49, 42
336-3547|1610, 1029|1610, 1029, 228, 965, 68, 2584, 2605, 2213, 1094, 2585
337-2361|1752, 768, 1755, 1751, 2200, 1347|1347, 768, 1751, 1752, 1761, 2200, 1755, 965, 686, 1094
338-3578|1610, 2201|1610, 2201, 228, 2202, 965, 1094, 2213, 47, 49, 14
339-26|1161|1161, 65, 965, 69, 70, 645, 47, 2213, 49, 1094
340-2829|2311|1923, 965, 2202, 1610, 228, 1094, 2213, 47, 49, 14
341-119|50, 128, 713, 47|47, 49, 965, 2213, 978, 370, 1094, 14, 45, 128
342-420|2206, 48, 65, 84|965, 49, 47, 2213, 1094, 48, 79, 64, 84, 32
343-1023|2211|2210, 1199, 2211, 965, 2213, 1094, 47, 14, 49, 5
344-1832|228, 2212|1610, 228, 863, 2212, 2605, 965, 1094, 2213, 47, 49
345-3663|2213, 335, 301, 158, 1129, 654|2213, 965, 1129, 2287, 2286, 2285, 6, 1094, 47, 49
346-3612|2213, 574, 2068|2213, 1129, 965, 6, 1094, 47, 49, 52, 14, 1923
347-3588|2213, 2238, 501|2213, 1129, 965, 2, 2238, 1094, 49, 47, 137, 6
348-3645|29, 144|2213, 965, 1129, 144, 29, 1094, 47, 49, 14, 6
349-3708|2362, 2213, 2363, 2364, 2365, 2366, 2353|2213, 965, 1094, 1129, 2362, 49, 47, 2365, 14, 6
350-3765|67, 2213, 1359, 1141, 23|2213, 965, 23, 1141, 1129, 67, 1094, 1915, 49, 6
351-3692|2213, 1229, 2235|2213, 2235, 1229, 965, 1032, 1094, 47, 1129, 49, 14
352-911|505, 902, 903, 266|266, 903, 13, 902, 965, 14, 5, 6, 2213, 342
353-3628|1915, 2213, 512, 2466, 2126|2213, 965, 512, 2126, 1129, 1094, 47, 6, 49, 14
354-3679|2213, 1084, 548|2213, 965, 1129, 1094, 6, 47, 14, 49, 48, 548
355-3662|2492, 2459, 2213|2213, 965, 2230, 2321, 1129, 1094, 2459, 47, 14, 49
356-3737|2231, 2422, 2213|2213, 2422, 965, 1129, 1094, 2494, 1915, 47, 49, 14
357-1405|886, 2213, 144|2213, 1129, 965, 1532, 2318, 1094, 6, 144, 47, 49
358-3592|2213, 72, 2322|2213, 965, 72, 1129, 1094, 49, 47, 6, 404, 14
359-3754|85, 2463|2213, 2463, 965, 1776, 1129, 85, 1094, 47, 49, 6
360-3737|2458, 2213, 103|2213, 2422, 965, 1129, 1094, 2494, 49, 47, 6, 103
361-2479|35|370, 35, 6, 478, 965, 47, 1836, 49, 179, 2213
362-1928|2, 454, 2106, 313, 35, 717|965, 35, 2213, 342, 47, 6, 1094, 49, 2512, 2
363-276|2213, 408, 1129, 49|2213, 49, 965, 47, 1129, 1094, 6, 14, 107, 29
364-2453|1346, 35, 2518|1346, 2518, 49, 35, 965, 1602, 2213, 47, 371, 14
365-1154|1592|93, 45, 965, 64, 26, 2213, 47, 49, 1094, 206
366-3767|2213|2213, 2386, 2383, 965, 1129, 2384, 1094, 47, 49, 6
367-783|432, 2521, 759, 582, 755, 163|13, 163, 965, 759, 757, 14, 2213, 1094, 1022, 5
368-966|841|128, 965, 2522, 2382, 64, 1570, 2213, 634, 113, 894
369-3324|2523|2523, 582, 189, 319, 2213, 965, 49, 1832, 1094, 47
370-1252|1410|1410, 1118, 728, 965, 2213, 47, 49, 1094, 5, 14
371-3825|154, 568, 898, 512, 149|568, 13, 645, 965, 5, 2213, 154, 898, 1094, 149
372-3784|1848|47, 1315, 488, 2213, 1447, 965, 2535, 2534, 48, 1942
373-3455|295, 2530, 2167, 2163, 2164, 2160, 2166|2166, 2160, 2163, 2164, 2161, 965, 2530, 2213, 2167, 1094
374-725|63, 2531|163, 5, 2531, 965, 800, 2213, 105, 47, 49, 1094
375-4355|1854, 14, 2532, 1236|645, 1854, 965, 1094, 2533, 2213, 2532, 5, 47, 14
376-2583|835, 1795|965, 49, 47, 2213, 39, 206, 1942, 1094, 35, 1039
377-3789|216, 345|501, 345, 965, 659, 2213, 1094, 1923, 52, 47, 49
378-1889|52, 2008, 501|52, 1540, 713, 501, 2008, 965, 2213, 1094, 47, 49
379-103|45, 254, 64, 26, 167, 93|49, 965, 45, 254, 64, 2213, 47, 1094, 26, 79
380-2072|1664, 5|965, 79, 49, 47, 94, 1923, 171, 645, 5, 1094
381-9|34, 6, 24, 36|965, 14, 36, 24, 1060, 2213, 49, 5, 47, 1094
382-798|1485, 1482, 1514|776, 342, 965, 463, 1514, 1485, 1482, 2213, 1300, 1094
383-1146|968, 1425|968, 45, 5, 1094, 645, 965, 47, 254, 2213, 49
384-3811|2544, 2545, 968|968, 2545, 2544, 6, 965, 242, 5, 1716, 2213, 1094
385-4045|2549|107, 511, 342, 631, 965, 2761, 2213, 344, 1588, 1094
386-1817|1170, 79, 163, 188|228, 79, 965, 1492, 94, 863, 2213, 188, 14, 1502
387-2450|191|191, 64, 163, 965, 40, 1094, 2213, 192, 5, 48
388-3826|141, 1239, 242, 253, 1838, 236, 298, 35|35, 242, 965, 737, 2213, 47, 49, 1094, 141, 6
389-1886|794, 52|794, 50, 965, 51, 5, 2213, 47, 1094, 49, 6
390-2364|1754|1754, 13, 965, 2213, 14, 645, 1094, 5, 47, 6
391-2479|35|35, 6, 1836, 965, 2213, 1158, 47, 715, 755, 49
392-1065|1006|1006, 913, 965, 568, 241, 13, 659, 14, 2213, 1094
393-458|2, 6, 906, 250, 259|6, 5, 32, 965, 645, 30, 1818, 2548, 2213, 14
394-3871|687, 1047, 511|181, 517, 47, 49, 965, 2213, 1094, 171, 188, 5
395-2000|715, 32|282, 838, 6, 35, 965, 2155, 353, 1094, 806, 1423
396-4077|29, 339, 2553|2782, 2781, 3615, 3614, 965, 29, 2213, 353, 517, 1477
397-4116|500, 1173, 189|1094, 6, 965, 94, 49, 47, 2213, 500, 1015, 1100
398-3847|179|1158, 2558, 179, 2556, 153, 2557, 965, 2560, 2213, 1094
399-3853|484, 2558|1200, 2558, 1158, 484, 2557, 2560, 965, 179, 2213, 1094
400-3852|2561|2558, 1158, 2561, 2557, 2560, 179, 965, 1200, 2213, 1094
401-3322|2570, 81|1094, 965, 2570, 582, 1667, 189, 881, 2213, 319, 26
402-3859|141, 1696, 341, 280, 2106, 2565, 1346, 1620|280, 2565, 965, 1696, 141, 1346, 2106, 2213, 2564, 35
403-2425|659, 1789|1789, 1878, 965, 2213, 84, 46, 490, 511, 49, 582
404-739|2568|2568, 553, 1094, 965, 2213, 48, 47, 5, 49, 79
405-981|50, 29, 85, 144, 361|2213, 29, 14, 47, 965, 144, 49, 1094, 1632, 1129
406-3915|107|107, 2641, 142, 655, 2574, 2642, 965, 2213, 1094, 47
407-3915|2574|2574, 2641, 142, 107, 655, 2642, 965, 2213, 1094, 47
408-4355|2533, 247, 2532|5, 645, 247, 2575, 965, 2213, 49, 47, 1094, 14
409-855|853, 851, 665|64, 252, 73, 965, 1094, 45, 47, 2213, 5, 49
410-3539|2436, 2268, 1129|29, 1776, 144, 2213, 1129, 965, 2436, 188, 1094, 2268
411-190|1129|2213, 2436, 1060, 1032, 985, 965, 188, 29, 144, 1094
412-1353|1915, 1776, 978, 14|2213, 14, 965, 29, 1129, 1094, 144, 1776, 2436, 5
413-821|35|35, 1346, 2213, 1079, 1077, 965, 47, 49, 6, 1094
414-3789|216, 768|501, 345, 768, 965, 2213, 1094, 1347, 154, 769, 149
415-2368|117, 92, 1734|342, 920, 92, 965, 142, 2213, 1094, 1275, 49, 47
416-1033|2579|2579, 965, 47, 49, 305, 645, 2213, 5, 1094, 952
417-59|1094|1094, 965, 52, 113, 2213, 47, 49, 50, 795, 51
418-1740|2435, 2580, 113|2580, 113, 2213, 965, 2, 1094, 2068, 47, 2435, 49
419-2096|154, 32, 1722, 47, 221|47, 45, 965, 49, 2213, 1722, 85, 1094, 29, 221
420-1707|1016|965, 512, 47, 35, 6, 206, 1016, 2213, 1094, 49
421-1934|171|2777, 645, 14, 965, 1129, 6, 171, 2213, 1094, 47
422-3578|228, 616, 467|228, 1610, 2202, 965, 2584, 68, 1094, 2213, 47, 39
423-1615|1060|1060, 645, 5, 6, 14, 1397, 618, 965, 1337, 189
424-286|107|93, 107, 79, 45, 254, 965, 2213, 47, 1094, 49
425-3502|2591, 2106, 1096, 1079|1096, 2591, 965, 1696, 49, 1079, 2213, 2106, 47, 1129
426-3319|810, 1405, 793|582, 189, 319, 965, 2150, 2213, 335, 1094, 1273, 2468
427-2049|2593|6, 2213, 2593, 965, 1453, 2594, 64, 1094, 1434, 113
428-3573|107|107, 1610, 1029, 93, 965, 2213, 1094, 47, 45, 49
429-1731|280|280, 14, 965, 107, 98, 2213, 1094, 47, 228, 466
430-109|92, 6, 5|92, 2109, 206, 2213, 5, 965, 6, 149, 392, 1094
431-3796|1094|1094, 965, 641, 1554, 1601, 2213, 32, 47, 49, 15
432-1365|2597|247, 14, 1146, 965, 47, 1060, 113, 35, 727, 1094
433-3594|877, 1859|2213, 965, 1633, 5, 1094, 2221, 470, 6, 47, 194
434-827|2773, 846, 820|829, 179, 811, 1952, 820, 819, 965, 47, 2213, 49
435-2085|1188|47, 1094, 5, 965, 35, 1023, 645, 383, 1605, 49
436-1335|246, 46, 293|47, 5, 247, 49, 2, 965, 188, 246, 2213, 45
437-1832|228, 1610, 1394|228, 1610, 863, 2605, 965, 1394, 2213, 1046, 1094, 47
438-4040|154, 233, 892, 2755|965, 2213, 477, 47, 98, 154, 2606, 1094, 14, 49
439-242|191, 192, 40, 64|64, 105, 191, 40, 192, 965, 1094, 14, 2213, 582
440-225|1145|957, 1145, 965, 14, 645, 49, 22, 1094, 2213, 47
441-3453|282, 620, 2621, 207, 807|207, 1597, 965, 837, 1922, 2213, 1094, 47, 6, 49
442-1013|2627, 1678|1678, 2627, 938, 965, 305, 117, 2213, 1677, 101, 1094
443-4356|107, 895, 2632|107, 39, 2628, 965, 2629, 2213, 5, 1094, 47, 49
444-4354|1434, 2634|965, 1434, 47, 2213, 1094, 49, 596, 14, 126, 1923
445-3496|2100|2100, 2103, 965, 2102, 2101, 2213, 1094, 47, 49, 1923
446-957|794, 239, 323, 241, 568|1094, 568, 913, 965, 13, 241, 14, 2213, 47, 49
447-2393|47|47, 49, 50, 965, 2213, 2636, 1094, 1769, 5, 14
448-971|1094|903, 965, 14, 2213, 1094, 1045, 47, 5, 1105, 219
449-2787|2, 1578|965, 1923, 1094, 32, 1356, 660, 78, 686, 243, 490
450-764|243, 557|796, 1094, 795, 965, 5, 2213, 1244, 47, 740, 64
451-2485|1448|1448, 177, 596, 1434, 858, 179, 965, 2633, 2213, 47
452-3827|2551, 627, 46, 47|47, 46, 2551, 49, 627, 965, 59, 155, 115, 5
453-3909|1589|2, 1589, 35, 595, 1453, 2551, 965, 2213, 1036, 1445
454-3913|2638|2638, 965, 2213, 1094, 47, 49, 1923, 14, 107, 5
455-3860|82|2281, 79, 2640, 641, 2639, 48, 2568, 965, 2213, 1094
456-122|107, 287, 348, 185, 186, 289|107, 47, 184, 965, 2213, 49, 5, 14, 1094, 186
457-3865|2642|107, 2642, 2574, 2641, 142, 655, 965, 2213, 1094, 47
458-2566|85, 2122|85, 1094, 1891, 2690, 965, 5, 2213, 645, 298, 401
459-3920|184, 107, 1420|107, 181, 184, 1059, 2649, 264, 1420, 2645, 965, 2213
460-3481|250, 477, 49|47, 49, 6, 965, 2213, 246, 418, 542, 1366, 2650
461-3877|556, 2582|2582, 107, 1444, 556, 822, 965, 2213, 1094, 47, 49
462-2005|645|2651, 645, 6, 965, 2213, 1094, 26, 222, 45, 47
463-1329|634, 15|1117, 965, 45, 2, 2213, 79, 47, 49, 874, 1094
464-1859|50, 51, 638, 1540|739, 965, 206, 85, 348, 644, 623, 2213, 47, 1094
465-560|32, 823|2652, 94, 965, 670, 630, 629, 107, 2213, 582, 47
466-546|582, 1829, 1087, 1667, 113, 1060|14, 1350, 130, 497, 49, 965, 2213, 47, 1060, 1094
467-4356|107, 1651, 286|107, 39, 965, 114, 131, 196, 2213, 47, 1094, 49
468-539|1094|1094, 965, 2343, 2213, 47, 49, 623, 404, 29, 14
469-3926|556, 2536, 906, 171, 2192|171, 906, 556, 2192, 2536, 965, 29, 144, 2213, 1094
470-873|864, 242, 47|47, 49, 965, 189, 2213, 1094, 1129, 14, 114, 79
471-550|247, 65, 254, 113|206, 14, 965, 113, 800, 47, 2213, 1094, 49, 774
472-1392|1094|1094, 965, 409, 732, 635, 2213, 47, 6, 49, 1923
473-3873|6, 746|1094, 1389, 2114, 746, 965, 6, 2096, 1537, 1347, 2213
474-3479|49, 463, 47|47, 49, 965, 50, 5, 2213, 14, 1094, 463, 188
475-109|6, 2658, 5|5, 2658, 1094, 2213, 582, 965, 130, 6, 528, 14
476-530|1408, 101, 2659, 47|47, 176, 49, 965, 45, 170, 2659, 2213, 1094, 6
477-1944|1896|247, 1094, 965, 14, 2661, 1173, 13, 2213, 5, 163
478-250|2590, 93|93, 107, 2590, 79, 965, 68, 2213, 995, 47, 1094
479-1601|48, 986, 1656, 84, 457|965, 2213, 1094, 29, 47, 48, 49, 5, 51, 1037
480-2460|60|68, 1240, 60, 1697, 965, 1797, 47, 2213, 1094, 49
481-3908|107|107, 2629, 39, 2628, 1142, 965, 2213, 1094, 5, 47
482-661|85|141, 965, 112, 157, 2663, 1094, 2213, 103, 402, 47
483-4357|107, 2665, 280, 254, 40, 64, 93|107, 965, 40, 2213, 45, 280, 1094, 47, 49, 14
484-2455|1825, 1376|1240, 1822, 47, 965, 49, 2213, 52, 1094, 14, 68
485-1011|670, 630|1923, 965, 48, 365, 630, 735, 32, 254, 1667, 1094
486-1893|905, 311, 1552|342, 905, 47, 965, 49, 446, 2676, 1552, 2213, 659
487-2030|2575|498, 1606, 14, 1635, 965, 1631, 47, 49, 2213, 163
488-569|107, 942, 47|47, 49, 52, 107, 965, 45, 2213, 50, 14, 5
489-1215|917, 15, 47|47, 49, 965, 14, 2213, 917, 107, 1094, 1698, 171
490-2551|13|13, 6, 965, 1060, 2213, 1094, 49, 144, 14, 1870
491-3942|92, 26|791, 64, 965, 47, 26, 5, 2213, 6, 45, 49
492-1245|815|815, 746, 965, 94, 1387, 517, 634, 1105, 342, 2213
493-350|1427|965, 206, 45, 2213, 47, 5, 63, 1094, 49, 130
494-1562|1300|1300, 39, 895, 5, 965, 85, 342, 2213, 107, 6
495-3950|3690, 487|641, 79, 45, 965, 48, 29, 1094, 2640, 2785, 378
496-1456|2313, 14, 47|47, 14, 965, 49, 2213, 1094, 45, 247, 5, 6
497-368|1094|1094, 79, 965, 113, 2213, 47, 14, 49, 1923, 5
498-1961|228, 1046, 94, 863, 498, 1566|228, 863, 965, 47, 1094, 181, 5, 107, 1046, 498
499-3968|2739|2739, 965, 2710, 2213, 1094, 47, 1193, 1923, 49, 1943
500-4038|181, 2741, 2743|2741, 181, 2748, 117, 2745, 2746, 2743, 965, 2749, 2740
501-4028|117, 2741, 2748, 2746, 2742, 3641, 2749|2741, 117, 2746, 2748, 2749, 2745, 965, 181, 2742, 2752
502-5|222, 2179|965, 22, 1074, 2753, 2213, 994, 1094, 47, 49, 332
503-361|45, 61, 63, 1427|45, 61, 965, 6, 254, 63, 2213, 47, 72, 26
504-557|599, 547, 47, 5|47, 5, 49, 965, 45, 59, 2213, 6, 1094, 14
505-234|153, 254, 1357|47, 254, 965, 49, 45, 2213, 1094, 14, 64, 5
506-3858|154, 2567, 2756, 64|2756, 353, 335, 2564, 2567, 965, 2213, 103, 905, 1094
507-4044|184, 2757, 2759|2757, 184, 2759, 319, 604, 2758, 965, 1318, 2213, 1094
508-4043|2758, 2757, 604|2757, 604, 2758, 319, 184, 2759, 965, 1318, 2213, 1094
509-1732|65|1442, 2760, 313, 1094, 965, 2213, 254, 47, 49, 1443
510-1288|2650|2650, 791, 965, 1094, 47, 29, 2213, 128, 49, 1923
511-378|79, 406|79, 965, 406, 995, 2213, 47, 1094, 49, 405, 14
512-4045|107, 511|107, 511, 2761, 147, 965, 2213, 1094, 47, 49, 14
513-262|106, 2, 29, 63, 144, 246, 408|49, 47, 965, 14, 2213, 107, 794, 1094, 106, 2
514-1796|1737, 102|313, 463, 184, 325, 965, 498, 15, 1514, 1513, 703
515-1023|2762, 2763|2763, 2762, 965, 2213, 1094, 47, 14, 49, 5, 1923
516-311|2130|107, 965, 49, 45, 79, 280, 2213, 47, 40, 204
517-349|2764, 725|14, 2764, 1094, 965, 29, 2213, 47, 1009, 49, 2765
518-244|171, 239|1094, 5, 732, 965, 14, 47, 49, 163, 2213, 582
519-1640|736, 93|93, 666, 254, 1353, 42, 736, 965, 124, 2213, 1094
520-3500|403, 52|403, 1096, 794, 50, 51, 965, 1696, 2591, 49, 47
521-3952|655|655, 342, 64, 2692, 965, 2281, 2213, 1923, 1094, 354
522-814|2767|2767, 965, 32, 2213, 1094, 2768, 47, 2770, 85, 49
523-2007|794, 2106|1094, 965, 35, 2213, 47, 49, 659, 79, 2316, 14
524-1564|1306, 1296, 1307, 1297, 1294|107, 1293, 6, 965, 1294, 1305, 1304, 1303, 1302, 1297
525-4052|107, 6, 1294|107, 6, 1293, 965, 1305, 1304, 1303, 1302, 2213, 970
526-3537|130, 6, 14, 5, 1157|5, 1157, 1606, 498, 208, 6, 2141, 965, 187, 201
527-140|203, 45, 194, 461, 26|49, 204, 14, 45, 965, 50, 85, 26, 47, 2213
528-4052|107, 1293|107, 1293, 965, 6, 2213, 1094, 47, 49, 342, 1833
529-3466|184, 2771, 2074, 939|1094, 1173, 2771, 2075, 965, 117, 184, 939, 14, 2074
530-242|32, 582, 14, 105, 149|582, 105, 14, 965, 44, 1094, 65, 32, 2213, 2157
531-14|49|49, 47, 965, 45, 50, 2213, 1094, 48, 79, 126
532-3568|2772, 831, 611, 819|32, 179, 154, 335, 965, 2772, 2185, 2213, 1923, 1094
533-180|14, 113|5, 582, 14, 1094, 965, 47, 6, 2213, 113, 49
534-1668|645|85, 6, 5, 354, 965, 2213, 189, 242, 1094, 620
535-134|60, 1390, 655, 2829|715, 965, 29, 2213, 1699, 437, 47, 39, 1094, 49
536-4050|2362, 1025, 654, 2058|2767, 85, 965, 1029, 2213, 2058, 2770, 2769, 2282, 1181
537-1502|973, 494|26, 64, 49, 965, 47, 1232, 2213, 107, 254, 1094
538-113|29, 1849, 178, 180, 179, 143, 47|47, 49, 965, 45, 1849, 1094, 2213, 29, 542, 374
539-109|6, 645, 14|2213, 47, 5, 49, 965, 6, 14, 1094, 1060, 79
540-2082|163, 1200, 392|1200, 5, 206, 965, 49, 1094, 163, 47, 2213, 14
541-167|2776|14, 1173, 5, 2776, 965, 528, 1094, 47, 2213, 49
542-4058|2200, 2777|2777, 965, 3692, 717, 2200, 1094, 2213, 970, 14, 239
543-2420|731|1786, 1667, 64, 191, 965, 47, 731, 582, 40, 2213
544-2573|1180, 18, 48, 206|206, 965, 48, 94, 84, 79, 2213, 572, 1180, 47
545-1815|184, 1523, 29, 79, 213|79, 29, 1492, 213, 1523, 965, 184, 18, 1517, 2213
546-2632|258, 2, 1356, 29, 859, 340, 1814, 179, 1727, 611, 490, 1756, 686, 313, 660|965, 1923, 1094, 1356, 490, 142, 2213, 659, 47, 660
547-2610|85, 1921, 2024, 2021|47, 965, 85, 5, 820, 2213, 1094, 1970, 49, 1921
548-767|2778, 2780, 2779|2778, 2779, 79, 2780, 14, 965, 247, 1094, 2213, 163
549-280|154, 40, 296, 425, 22|22, 965, 85, 107, 582, 2213, 47, 1094, 49, 64
550-235|206|206, 47, 965, 64, 49, 2213, 1094, 6, 107, 14
551-4300|2781, 2782|3614, 2782, 2781, 3615, 1424, 965, 2213, 1094, 47, 49
552-2489|1854|1854, 965, 5, 2213, 1094, 800, 189, 85, 47, 94
553-4355|1854, 14|1854, 965, 14, 2213, 1094, 463, 47, 49, 1145, 1923
554-458|6, 906, 1854, 259|14, 1854, 485, 965, 756, 2784, 645, 6, 1094, 2213
555-3498|2100, 2103|2100, 2103, 965, 2102, 2101, 2213, 1094, 47, 49, 1923
556-4357|107, 45, 2665, 41, 64, 26, 138|965, 107, 79, 2213, 47, 1094, 49, 93, 14, 45
557-1496|239, 246, 47|47, 79, 965, 2213, 1334, 198, 794, 49, 150, 45
558-4115|1852, 2785, 1853, 2786, 2788, 2787, 1852, 2789|1852, 2787, 2785, 1853, 2789, 2788, 2786, 965, 2213, 1094
559-103|469, 1947, 1948|965, 1950, 2570, 254, 49, 45, 2213, 1094, 1948, 64
560-1434|462, 1182, 1339|462, 1182, 965, 206, 107, 2213, 1094, 47, 140, 49
561-4118|281, 868, 2793|281, 2793, 868, 2795, 117, 2794, 965, 181, 2213, 2800
562-3859|696, 2117, 304|280, 2117, 304, 2565, 2801, 965, 141, 1696, 1346, 2106
563-4320|2803, 2812, 2804, 2805, 2807|3673, 3672, 2803, 965, 2805, 2809, 2213, 1094, 107, 2808
564-978|179, 266|266, 903, 965, 833, 2213, 1158, 1094, 179, 45, 47
565-1911|1557, 634|2529, 498, 2166, 2163, 965, 117, 863, 1099, 2170, 1557
566-3852|2561, 1200|2558, 1200, 2561, 1158, 2557, 965, 2560, 2556, 2213, 1094
567-1214|219, 68, 2058|219, 1029, 605, 64, 965, 50, 2213, 2058, 715, 1085
568-541|535, 32, 14|14, 49, 965, 32, 1698, 47, 107, 497, 2213, 86
569-3876|2819, 1763, 2257|512, 638, 2819, 965, 35, 2213, 49, 2821, 2820, 1094
570-4142|1094|107, 1094, 965, 2213, 47, 49, 14, 1923, 5, 6
571-1052|1403, 487, 994, 3652|59, 92, 965, 47, 994, 2213, 49, 217, 1094, 79
572-900|961|1094, 645, 6, 889, 896, 965, 2213, 961, 14, 5
573-2728|1094|1094, 1923, 965, 2213, 47, 49, 14, 107, 5, 6
574-622|677, 2549, 514|6, 965, 676, 677, 5, 2213, 1094, 913, 154, 47
575-4149|1094|1094, 107, 965, 2213, 47, 2145, 49, 1923, 14, 5
576-4299|8, 2018, 237|107, 3613, 8, 15, 225, 965, 2213, 1094, 47, 49
577-1016|271, 225, 812, 85, 247, 273, 6, 40, 266, 5, 717|645, 40, 965, 926, 6, 349, 941, 5, 2213, 1094
578-2082|582, 2822, 2823, 1074|582, 2823, 2822, 5, 965, 206, 1074, 64, 1094, 2213
579-1187|1094|1094, 45, 965, 5, 242, 47, 254, 2213, 14, 49
580-3910|1094|1094, 1434, 965, 2213, 1923, 47, 49, 14, 107, 5
581-2825|490|1923, 965, 29, 23, 490, 2213, 1094, 47, 49, 14
582-4354|1448, 2634|1448, 1773, 965, 2213, 46, 1094, 47, 49, 1923, 14
583-1318|60, 224, 1130, 213, 2825, 357|213, 357, 1130, 965, 224, 2825, 2213, 1094, 47, 49
584-3472|462, 436, 213, 345|436, 417, 213, 1265, 357, 2824, 965, 215, 313, 2213
585-3920|184, 2649, 1059|107, 181, 184, 264, 1420, 1059, 2649, 2645, 965, 2213
586-104|1240|47, 49, 965, 45, 2213, 50, 107, 143, 6, 1094
587-3472|417|107, 436, 417, 1265, 965, 2213, 1094, 47, 49, 6
588-1811|519, 634, 64|1389, 965, 14, 47, 2213, 1094, 49, 498, 5, 519
589-149|1030|1030, 49, 47, 965, 65, 45, 2213, 1094, 14, 5
590-2525|498, 2519|2213, 2519, 29, 144, 965, 498, 457, 582, 189, 188
591-1035|85, 45, 958, 808|965, 1259, 377, 1094, 45, 141, 2213, 47, 68, 42
592-763|2831, 735, 554, 553|553, 735, 965, 1094, 2831, 2830, 2213, 659, 511, 48
593-149|794, 2094, 47|47, 49, 2832, 965, 732, 65, 794, 45, 2213, 79
594-3910|663|1094, 1434, 965, 85, 737, 2213, 254, 47, 835, 49
595-1788|1094|1094, 965, 65, 20, 1505, 1507, 1114, 2213, 1923, 47
596-3770|2609|2152, 2281, 2213, 2609, 2498, 965, 1094, 2698, 2718, 47
597-2033|715, 282, 253, 2607, 2116, 376|282, 35, 47, 965, 2608, 1094, 2213, 49, 32, 141
598-1578|45, 114, 47, 49|49, 47, 14, 45, 965, 50, 371, 2213, 60, 2078
599-242|489, 262|1094, 105, 163, 738, 965, 14, 2213, 47, 49, 582
600-1140|378, 1808, 43|582, 378, 965, 94, 43, 2213, 1094, 64, 47, 32
601-3930|1094|1094, 1389, 965, 2114, 6, 746, 1212, 23, 2213, 1923
602-2597|128|965, 1094, 1923, 592, 32, 1356, 2836, 2213, 1758, 1916
603-388|484|965, 484, 554, 717, 189, 1094, 2213, 1923, 731, 1676
604-681|94, 335, 841, 1201|1094, 113, 965, 47, 6, 335, 14, 701, 2213, 49
605-4200|1358, 3028, 3029, 1943, 2002, 3030, 3031, 3032, 2857, 3033, 3034, 3035, 3036|1943, 965, 2213, 2857, 1094, 47, 49, 1923, 2002, 14
606-4282|1448, 595, 3059, 1943, 1599, 3022, 2982, 3606, 2634, 1598, 3038, 3024|1943, 965, 2213, 1094, 47, 1448, 2982, 3022, 49, 1599
607-2131|3562, 354|354, 3562, 342, 446, 905, 965, 2213, 1094, 47, 49
608-4268|2979, 3019, 1943, 3536, 3537, 3538|1943, 965, 2979, 3019, 3538, 3537, 3536, 2213, 1094, 47
609-4206|1448, 3059, 1943, 1599, 3022, 3025, 2634, 3024, 3060|1943, 965, 2213, 1448, 3022, 1599, 1094, 2634, 3024, 3059
610-571|789|254, 556, 2582, 129, 124, 965, 2213, 1094, 47, 49
611-3830|365, 149|365, 188, 1037, 965, 2213, 15, 149, 364, 411, 47
612-527|163, 395, 5|163, 49, 965, 79, 5, 47, 2213, 395, 1094, 171
613-124|29, 154, 144, 84|47, 49, 2213, 965, 14, 94, 29, 1129, 1094, 144
614-3883|3611, 376|3611, 280, 373, 376, 3612, 1672, 1687, 965, 2213, 47
615-1337|246|47, 246, 49, 29, 965, 6, 403, 1450, 2213, 1094
616-4299|107, 3613|107, 3613, 965, 2213, 1094, 47, 49, 14, 1923, 5
617-4081|3616, 207|2782, 2781, 3614, 3615, 965, 2213, 1094, 47, 207, 49
618-750|1094|1094, 65, 965, 14, 2213, 47, 49, 6, 528, 5
619-9|36|342, 48, 2837, 528, 965, 2110, 2653, 36, 24, 2213
620-4156|213, 2790|213, 2790, 357, 2824, 2827, 2826, 965, 215, 2665, 313
621-2750|1937, 360, 813|965, 1923, 1959, 1094, 2213, 1937, 556, 340, 15, 2772
622-1758|683, 32, 880, 848|254, 965, 45, 880, 2213, 93, 1130, 47, 1094, 49
623-398|644, 1667|1094, 2700, 965, 1923, 79, 2213, 40, 47, 552, 49
624-4081|3615|2782, 2781, 3615, 3614, 965, 2213, 1094, 47, 49, 1923
625-1023|3633, 1001, 3634, 3617, 3618, 3619|965, 2213, 21, 1094, 3620, 47, 14, 3628, 49, 3627
626-1000|79|79, 664, 965, 929, 599, 1443, 2213, 1094, 47, 49
627-793|432, 588, 589|206, 242, 14, 1094, 965, 163, 64, 774, 2213, 1418
628-4303|462, 2746|2746, 2741, 107, 117, 2749, 2748, 462, 2804, 2745, 965
629-697|1667|3612, 1923, 965, 163, 576, 2213, 32, 1094, 14, 47
630-823|50, 47, 49|47, 49, 645, 14, 965, 13, 2213, 1094, 50, 45
631-1943|3645|903, 905, 1591, 1087, 3644, 965, 1094, 14, 2213, 3645
632-1353|14|14, 2213, 50, 965, 64, 247, 1094, 47, 5, 49
633-623|313, 189|313, 965, 189, 78, 567, 659, 2213, 1923, 1094, 2
634-4310|1094|1094, 965, 2213, 47, 1923, 49, 14, 107, 5, 6
635-3815|254|254, 965, 124, 2213, 26, 1094, 42, 239, 582, 47
636-812|1095|207, 965, 141, 2608, 2213, 1094, 1104, 47, 2614, 32
637-3931|154, 528|1094, 528, 2658, 14, 965, 5, 3646, 2213, 47, 49
638-307|59, 92, 145|396, 107, 965, 419, 454, 342, 6, 2213, 64, 47
639-347|3648, 1714, 1100, 278, 2463|1094, 1100, 3648, 965, 727, 1060, 2213, 147, 247, 14
640-1505|59, 794, 114|47, 965, 49, 213, 1130, 224, 2213, 114, 1094, 45
641-3360|224, 1132, 1130, 213, 357, 221|1130, 213, 224, 357, 965, 2825, 2213, 426, 1094, 47
642-620|45, 159, 160, 47, 49|49, 47, 45, 14, 965, 160, 159, 2213, 64, 254
643-3360|224, 1130, 689, 213, 2825, 426|1130, 213, 224, 2825, 426, 965, 357, 689, 265, 2213
644-189|1181, 3653|2213, 3653, 29, 1776, 965, 2501, 1129, 1181, 1199, 6
645-330|79, 163, 1384, 1688, 1238|49, 47, 14, 79, 965, 1083, 374, 2213, 1691, 205
646-2492|239, 378, 15|582, 32, 731, 15, 1543, 2063, 965, 1094, 94, 2213
647-2506|1040, 745, 156, 1808|745, 1673, 1147, 965, 713, 2213, 1094, 254, 3654, 47
648-1944|1094|1094, 965, 1173, 14, 13, 2213, 5, 6, 47, 645
649-2576|6, 13, 926, 676, 1684|1094, 2783, 676, 13, 965, 1907, 342, 2213, 14, 47
650-1408|144, 1445, 2257|46, 2213, 965, 1129, 49, 47, 6, 1094, 14, 5
651-777|889, 914, 6, 755|6, 965, 1094, 746, 36, 2213, 890, 889, 47, 888
652-3908|224, 440, 85, 3656, 308, 528|107, 2629, 1142, 224, 965, 440, 3656, 2213, 39, 47
653-770|3657, 1148|582, 64, 191, 965, 14, 188, 498, 3657, 1148, 2213
654-1023|2773, 1431, 540|965, 3640, 3626, 23, 103, 3639, 811, 2213, 1094, 47
655-973|517|921, 517, 47, 353, 965, 14, 48, 2213, 49, 1094
656-837|298, 207, 237|298, 207, 965, 806, 65, 237, 838, 837, 2213, 47
657-1370|2097|965, 1150, 3658, 2104, 1410, 254, 717, 2213, 1094, 1916
658-335|22|22, 965, 485, 107, 2213, 1094, 338, 47, 127, 462
659-22|2, 3, 638, 6, 77, 259|2213, 965, 6, 357, 303, 62, 285, 2, 1094, 32
660-115|3674|49, 3674, 47, 59, 965, 2213, 5, 107, 1275, 14
661-3886|1094|1094, 965, 2213, 1923, 47, 49, 14, 107, 5, 6
662-342|154, 270, 108, 40, 425|47, 40, 965, 425, 108, 49, 494, 708, 2213, 5
663-3802|560, 64, 26, 167, 1946|213, 357, 64, 462, 26, 965, 2213, 2826, 1094, 47
664-4328|107|107, 1094, 965, 2213, 47, 49, 14, 5, 6, 1923
665-4327|107|107, 965, 1094, 2213, 47, 49, 14, 5, 6, 1923
666-4328|1240|107, 965, 1094, 2213, 47, 49, 14, 5, 6, 1923
667-3807|2540, 41, 254, 2228, 138|138, 41, 965, 45, 93, 462, 357, 42, 2213, 79
668-4351|462, 213, 89, 357|213, 357, 462, 2824, 2665, 2826, 965, 367, 89, 2213
669-4357|107, 2665, 41, 64, 26|965, 45, 107, 2213, 1094, 254, 47, 26, 49, 64
670-434|239|254, 2213, 79, 745, 965, 1673, 573, 1129, 1094, 47
671-398|3677|3677, 965, 79, 1094, 14, 2213, 40, 47, 49, 552
672-4351|462, 2824, 213, 89, 357|213, 357, 462, 2824, 2665, 965, 367, 89, 2826, 2213
673-4339|45, 6, 570, 3681, 31, 3679, 3683|107, 396, 3678, 3681, 3679, 965, 570, 3683, 419, 422
674-1853|1094|1094, 965, 163, 638, 582, 2213, 6, 47, 432, 49
675-4315|3670, 3294|3670, 3294, 965, 2213, 1094, 107, 22, 47, 49, 338
676-4339|107, 45, 462, 6, 570, 3681, 31, 3679, 3683|107, 3681, 3679, 142, 965, 570, 3683, 239, 1179, 2213
677-3319|1123, 1059, 820|582, 189, 319, 1059, 820, 1123, 965, 2150, 2213, 1094
678-1057|32, 641, 30, 1128|965, 32, 641, 2213, 189, 1094, 49, 47, 30, 82
679-1797|1094|1094, 965, 1389, 2114, 582, 1514, 1513, 189, 319, 2213
680-1601|1094|1094, 965, 1923, 2213, 48, 47, 49, 5, 14, 986
681-2333|142, 342, 848, 15|342, 142, 64, 920, 24, 532, 965, 2213, 1094, 47
682-4303|107|107, 3643, 3642, 2746, 337, 462, 2804, 965, 2213, 2741
683-253|29, 277|5, 6, 49, 965, 85, 29, 278, 47, 14, 2213
684-4097|29, 2553, 620, 207, 2361|1094, 2782, 2781, 965, 207, 29, 620, 2213, 2553, 2361
685-3835|1763, 207, 2612|207, 282, 35, 620, 965, 2213, 29, 47, 1094, 49
686-3937|107, 1807|1807, 107, 2774, 965, 2665, 280, 64, 342, 204, 2213
687-793|2114, 1389|1389, 2114, 1094, 965, 163, 2213, 432, 47, 14, 49
688-4358|107, 3684|107, 965, 5, 6, 154, 2213, 1094, 47, 49, 1430
689-4356|107, 2631, 2632|107, 39, 2632, 965, 2631, 1379, 85, 2629, 2213, 1094
690-4330|107, 224, 6, 1158, 3685, 1580|107, 396, 3678, 965, 49, 224, 6, 3685, 2213, 47
691-4347|107|174, 3687, 3689, 3688, 64, 173, 965, 2148, 699, 2213
692-4348|341, 85, 1664, 279|174, 173, 85, 965, 2213, 3687, 341, 1664, 279, 1094
693-9|36|463, 26, 965, 815, 354, 713, 24, 36, 2213, 47
694-1872|474|795, 63, 1094, 670, 1548, 735, 965, 2213, 79, 47
695-292|10, 12, 430, 26|254, 2775, 390, 64, 965, 26, 45, 2213, 49, 430
696-4047|193, 1130, 221|1130, 965, 174, 213, 173, 224, 3647, 2213, 5, 1094
697-1944|1094|1094, 965, 1173, 14, 13, 2213, 5, 6, 47, 240
698-4334|107|107, 396, 49, 3678, 965, 224, 48, 2213, 221, 1230
699-4148|107|1094, 107, 965, 2213, 47, 49, 1923, 14, 5, 6
700-4134|29, 338, 1211, 1192, 1193|965, 338, 22, 2213, 107, 1094, 29, 3662, 2803, 2808
701-3878|247, 1129|247, 14, 5, 1129, 188, 965, 2213, 1094, 1060, 47
702-242|3693, 239, 3692, 461, 14, 1534, 717, 189|105, 965, 14, 1094, 2213, 189, 5, 6, 3692, 47
703-4358|107, 18, 6, 5, 1238|107, 85, 965, 31, 489, 5, 2213, 1094, 47, 3680
704-4358|107, 794, 18, 42, 5, 1238|107, 85, 965, 2213, 1094, 31, 154, 489, 47, 3680
705-4298|107|107, 3613, 965, 2213, 1094, 47, 49, 14, 1923, 5
706-3810|2539, 188|113, 965, 52, 2213, 794, 1037, 47, 2539, 1094, 49
707-4329|2665, 2826, 213, 357|213, 357, 462, 2826, 2665, 2824, 965, 2213, 1094, 2827
708-4337|107, 101|107, 142, 396, 3678, 239, 965, 3680, 2213, 1094, 47
