0-3909|2, 3, 353, 335, 396|2, 1589, 134, 6, 136, 49, 62, 63, 47, 45
1-570|45, 462, 280, 466, 634, 467, 40|462, 40, 107, 466, 467, 45, 280, 154, 226, 225
2-174|73, 1254, 472|73, 254, 469, 62, 188, 171, 472, 471, 470, 149
3-5|459, 462, 460, 0, 22|22, 21, 332, 64, 460, 459, 462, 3660, 336, 20
4-314|107, 462, 468, 40|462, 40, 468, 280, 107, 466, 45, 154, 224, 467
5-1662|1886, 13|13, 645, 171, 1886, 1060, 49, 47, 107, 14, 5
6-124|409|14, 144, 1129, 188, 29, 2213, 189, 1870, 582, 1037
7-1889|695, 696, 52, 697|52, 713, 1540, 697, 695, 696
8-430|698|698, 49, 106, 141, 68, 107, 47, 1545, 1631, 122
9-1016|247, 482, 704|645, 349, 941, 40, 926, 247, 700, 554, 163, 482
10-364|85, 102, 5, 6, 14, 760, 322, 761, 528, 771, 772, 529, 762|5, 6, 322, 529, 14, 85, 528, 32, 30, 941
11-7|8, 87, 25|8, 25, 773, 373, 685, 27, 26, 24, 87, 129
12-1238|775, 463|463, 776, 775, 26, 713, 1111, 1112
13-1438|14, 529|130, 582, 14, 188, 32, 767, 1094, 475, 1203, 1183
14-1262|616, 339, 354, 484, 820, 464|354, 616, 221, 189, 116, 3692, 2756, 1105, 618, 717
15-1149|446, 47|47, 446, 45, 342, 1040, 1049, 49, 35, 50, 142
16-1490|1210|1210, 517, 634, 503, 1514, 239, 1205, 342, 903, 14
17-69|784, 45, 785, 225, 254, 29, 778, 786, 787, 83, 788, 170, 372, 789, 791, 717, 128|45, 778, 254, 372, 49, 128, 925, 717, 791, 789
18-808|793, 128|128, 793, 582, 368, 870, 46, 130, 189, 1004
19-1936|18, 79|79, 2, 347, 362, 144, 29, 113, 189, 582, 319
20-4116|1173, 189|6, 1094, 1100, 94, 500, 1015, 735, 926, 79, 40
21-3508|957|35, 402, 156, 1015, 937, 933, 957, 952, 936, 305
22-109|6|141, 248, 797, 958, 5, 6, 1060, 207, 401, 645
23-271|254, 42|32, 85, 791, 733, 254, 42, 26, 153, 377, 179
24-233|59, 369, 246, 370, 371, 376, 79, 372, 47, 373, 374, 375, 49|47, 49, 372, 85, 45, 126, 5, 6, 103, 402
25-3785|2094|618, 735, 946, 27, 567, 222, 88, 659, 2468
26-2493|963, 736|731, 582, 1808, 378, 547, 189, 227, 31, 970, 405
27-1057|1003, 641, 484, 655|82, 189, 32, 167, 30, 641, 482, 258, 1005, 634
28-726|730, 1031|1031, 49, 114, 163, 1243, 730, 1037, 1245, 1094, 1631
29-3911|107, 595, 2551|2551, 595, 107, 206, 47, 1036, 35, 1032, 1034, 596
30-870|869, 85, 596, 1035, 68|869, 596, 68, 85, 1035, 626, 921, 1036, 1039, 37
31-484|1040, 611, 602|14, 968, 1040, 602, 44, 5, 6, 1042, 32, 1060
32-1209|141, 247|247, 45, 246, 254, 127, 266, 14, 106, 517, 1087
33-857|793, 857|857, 14, 47, 49, 903, 1046, 1045, 68, 856, 855
34-1904|242, 863, 23|242, 863, 47, 1716, 1715, 713, 23, 1049, 228, 645
35-1232|367, 308|402, 1079, 952, 128, 728, 1051, 112, 282, 32, 353
36-217|355, 122, 246, 35, 356, 357|246, 1040, 213, 93, 1054, 298, 47, 357, 356, 122
37-2082|721, 206, 397, 5|583, 163, 5, 206, 397, 124, 553, 576, 64, 35
38-1542|305, 522|1068, 305, 875, 1065, 1064, 1067, 445, 952, 936, 106
39-1187|863, 91|91, 45, 242, 68, 90, 254, 794, 469, 1556, 26
40-722|1085, 1101, 707|1085, 1101, 707, 16, 208, 14, 913, 5, 171, 1094
41-656|282, 353|698, 282, 353, 1104, 1103
42-2087|107, 1121, 542, 47, 5, 49|49, 47, 542, 5, 64, 113, 1044, 800, 94, 2
43-2472|715, 1835, 806, 1837|893, 252, 418, 6, 1597, 1837, 1836, 207, 35, 620
44-1985|654|5, 6, 717, 26, 970, 3696, 1399, 3692, 1616, 35
45-1770|247, 1060, 939|206, 926, 14, 5, 130, 84, 1060, 31, 29, 208
46-801|582, 1183|582, 1183, 965, 1309, 1094, 245, 551, 189, 319, 1292
47-212|343, 348, 85, 154, 2567, 1185, 147, 970, 64, 422, 296, 1190, 22|22, 343, 344, 342, 341, 147, 970, 1185, 1341, 107
48-233|47, 353|47, 49, 92, 242, 353, 67, 374, 114, 78, 23
49-1422|172, 672, 4, 5|672, 183, 4, 1297, 645, 608, 5, 172, 1060
50-526|247, 621|14, 47, 38, 59, 1196, 189, 247, 5, 85, 621
51-602|1197|1197, 717, 47, 423, 1218, 360, 1217, 50, 49, 253
52-4083|2553, 467|3615, 2782, 2781, 715, 207, 47, 1199, 103, 6, 654
53-14|114, 1200, 609, 49|49, 246, 1200, 247, 665, 48, 47, 46, 408, 242
54-83|567|567, 126, 45, 49, 35, 47, 153, 511, 50, 1096
55-1289|141, 45, 733, 242, 167|242, 68, 6, 614, 800, 45, 342, 1046, 1201, 2154
56-653|14, 22|22, 40, 84, 582, 363, 698, 111, 64, 357, 445
57-1477|1202|1202, 1923
58-1189|1077, 282, 342, 45, 32|1077, 35, 282, 207, 1383, 1078, 32, 45, 342, 179
59-109|645|645, 5, 1208, 6, 1060, 142, 14, 926, 247, 2213
60-2661|179|340, 1923, 2699, 2695, 254, 45
61-1222|707, 217, 1893, 1102, 110|14, 1102, 707, 645, 898, 5, 425, 517, 13, 1891
62-2076|117, 107, 83, 79, 47, 68, 49|45, 246, 79, 163, 17, 59, 47, 49, 26, 423
63-3503|1053|826, 1053, 354, 605, 32, 302, 64, 339, 258, 508
64-1866|898, 706, 1543, 717|796, 795, 1758, 2836, 592, 1543, 943, 655, 898, 906
65-1542|1068, 305, 936|305, 1068, 875, 936, 1251, 723, 1063, 1250, 39, 645
66-361|61, 1689|6, 47, 61, 1427, 63, 45, 72, 524, 114, 1060
67-456|79, 84, 278|21, 84, 79, 655, 368, 1634, 1704, 1682, 1707, 1698
68-632|106, 305, 936|305, 106, 936, 952, 1260, 684, 163, 685
69-407|50, 51, 487, 1074, 5|487, 5, 580, 1074, 64, 52, 50, 794, 51, 696
70-3875|239, 249, 14, 1678|2579, 305, 952, 106, 111, 1068, 935, 1067, 1261, 1065
71-607|62, 1266, 560, 1268, 311|560, 2, 512, 1265, 1266, 14, 1268, 311, 6, 1273
72-1370|271, 1274, 225, 963, 812, 500, 273, 1150, 1181|717, 1150, 906, 1404, 1410, 1916, 1149, 225, 812, 1274
73-1966|1285, 1281, 1284, 1280, 1283, 396|1283, 1280, 1284, 396, 153, 1285, 1282, 1281, 1279, 655
74-4039|1286|1286, 2749, 2741, 184, 1110
75-2467|1368, 1588, 1292, 1294|1294, 1307, 1588, 1833, 1457, 1368, 1675, 1292, 1289, 1306
76-918|687|517, 371, 266, 1485, 354, 342, 208, 6, 65, 353
77-3340|426, 388, 1332, 553|426, 32, 553, 1094, 1956, 1038, 47, 49, 2, 188
78-984|1207, 768, 85, 198|768, 198, 5, 103, 29, 683, 6, 891, 1883, 240
79-381|117, 79, 213, 357, 457|79, 84, 40, 213, 357, 117, 425, 108, 1297, 1809
80-1028|41, 39, 5, 6|39, 206, 242, 933, 5, 6, 41, 65, 26, 963
81-1527|141, 45, 254, 1426|68, 219, 1255, 93, 141, 85, 103, 11, 121, 45
82-110|50, 51, 52, 175|52, 49, 175, 65, 6, 5, 126, 372, 122, 35
83-1105|1339, 1337, 1023, 13|1337, 1023, 13, 1339, 14, 383, 1802, 1604, 117, 45
84-1475|1341, 188, 22|22, 1341, 582, 2630, 40, 84, 14, 188, 13, 6
85-2443|1811, 582, 703, 655, 1534|412, 655, 1811, 1809, 651, 1807, 414, 582, 645, 171
86-268|49|1147, 49, 768, 5, 22, 1347, 47, 1037, 63, 2
87-1641|254, 604, 556, 1219, 26, 42, 1259, 124|1259, 26, 1427, 319, 1355, 254, 1353, 170, 239, 377
88-323|65, 84, 40|65, 40, 84, 79, 14, 1148, 721, 479, 478, 107
89-2531|498|98, 1350, 939, 262, 113, 130, 14, 475, 22, 86
90-3948|239, 324, 855|1094, 1353, 254, 45, 170, 106, 76, 379, 377, 311
91-427|106, 1077, 1060, 1201|47, 49, 45, 5, 6, 130, 247, 1060, 645, 171
92-3302|1240|965, 1094, 1387, 342, 1389, 892, 1347, 1388, 517, 815
93-1744|354|29, 833, 6, 1390, 189, 2829, 917, 335, 354, 3692
94-3884|117, 2, 1392, 6, 1393, 1212, 756, 5, 660, 746|3611, 280, 348, 1391, 5, 14, 1393, 1392, 106, 746
95-1145|6, 1099, 5, 418|645, 35, 1048, 715, 926, 1798, 2671, 6, 5, 1715
96-3948|401, 298, 239, 103, 85, 962, 2977|1094, 298, 401, 1199, 85, 103, 1396, 1395, 579, 1394
97-388|30, 32|717, 32, 271, 1274, 273, 824, 189, 735, 482, 500
98-780|247, 1397, 645, 14|645, 1397, 618, 13, 14, 189, 3694, 267, 461, 3692
99-1953|1398|282, 207, 116, 354, 1398, 221, 189, 3697, 3692, 616
100-1424|1401, 323, 5, 6|6, 5, 1401, 323, 14, 311, 1094, 1060, 1266, 106
101-2402|181|512, 1323, 113, 1099, 50, 1345, 106, 117, 124, 79
102-2027|1416, 60, 774, 206, 1419, 1413|206, 774, 256, 64, 39, 1266, 654, 1415, 5, 1411
103-2015|342, 38|253, 64, 35, 1608, 1606, 1039, 388, 45, 1425, 26
104-804|748, 1437, 339|1437, 1187, 339, 603, 1435, 1433, 32, 1470, 1469, 1468
105-3882|1440, 107|14, 107, 717, 286, 970, 267, 1399, 461, 3692, 85
106-460|432, 588, 589|588, 589, 432, 1443, 1442, 1444, 966, 72, 339, 2213
107-2486|1448, 1762|1453, 1434, 1844, 1435, 1845, 1454, 60, 1129, 47, 49
108-1282|565|565, 1556, 811, 794, 641, 903, 266, 902, 556, 631
109-1210|1080, 107, 952, 1462, 1091, 14, 1460, 1466, 1092, 1067|1092, 1081, 1091, 1079, 1466, 107, 2689, 1080, 952, 1460
110-804|1469|704, 1468, 1470, 1469, 1435, 582, 206, 1158, 1467, 1433
111-1360|1580, 1144|13, 1144, 5, 6, 1136, 189, 1473, 14, 230, 1060
112-1541|137, 2, 935, 1475, 6, 305, 111, 98, 936|935, 305, 111, 98, 6, 1962, 2, 137, 936, 172
113-3331|231, 14, 898|14, 1094, 49, 47, 48, 1476, 898, 46, 231, 1477
114-816|340, 810, 32|340, 128, 64, 112, 628, 32, 810, 781, 809, 444
115-934|1510|1485, 527, 965, 898, 1389, 2114, 906, 1536, 1489, 1492
116-971|903|863, 903, 98, 820, 290, 1105, 219, 1045
117-1597|114, 188, 47, 49|49, 47, 1331, 246, 163, 79, 176, 94, 409, 542
118-845|845|845, 47, 5, 810
119-407|1797, 52, 557, 5|580, 1074, 1524, 424, 470, 1129, 1525, 52, 5, 50
120-1583|1526, 133|47, 2519, 498, 116, 2, 1312, 1313, 1526, 1027, 29
121-1571|64, 6|6, 1781, 64, 893, 1099, 717, 45, 39, 49, 47
122-205|21, 64, 155|64, 22, 345, 42, 325, 155, 21, 20, 107, 291
123-850|50, 142, 14|50, 14, 156, 142, 242, 846, 849, 848, 844, 65
124-639|59, 499, 49|49, 499, 6, 47, 1776, 1775, 1077, 1489, 1503, 1511
125-1873|1900, 63, 32, 26|32, 63, 1094, 179, 144, 79, 1531, 29, 378, 106
126-719|241, 13, 1060|241, 707, 1060, 13, 16, 624, 14, 645, 1094, 239
127-4161|1037, 1267, 1032|582, 3674, 1238, 2832, 1540, 189, 1550, 1037, 102, 264
128-256|725|1094, 22, 336, 14, 735, 49, 372, 1551, 926, 79
129-615|673|673, 1300, 1553, 920, 659, 618, 342, 1338, 905, 1292
130-948|903, 266|903, 266, 897, 15, 342, 917, 634, 367, 180, 354
131-385|94, 419|94, 79, 543
132-3564|107, 1557, 1564, 1099, 498, 1566|1557, 498, 1099, 1564, 1566, 634, 107, 2170, 2161, 184
133-1914|835, 2801|835, 1199, 620, 910, 2617, 344
134-1255|1547, 1347|1389, 2114, 1109, 863, 961, 1347, 242, 228, 1569, 354
135-938|915|2189, 299, 565, 737, 915, 1045, 634, 1293, 712, 1266
136-1421|1582, 645, 939|939, 6, 5, 14, 645, 1582, 85, 39, 31, 717
137-1188|93|93, 388, 254, 881, 64, 45, 49, 246, 2, 1157
138-396|29, 337, 313|618, 932, 29, 144, 644, 13, 409, 1148, 335, 595
139-4302|3642, 1352, 3643|3643, 3642, 13, 337, 107, 224, 659, 1110, 920, 645
140-448|49, 1050, 1382, 79, 388|79, 49, 59, 47, 114, 1382, 388, 247, 38, 1050
141-1193|1595|141, 167, 14, 1597, 402, 728, 369, 1595, 198, 5
142-4054|282, 620, 2621, 2607, 1942, 1157|2840, 2663, 620, 354, 1390, 1600, 974, 1454, 39, 654
143-4352|8, 685|1259, 1354, 615, 666, 8
144-1147|774, 206|863, 206, 39, 228, 50, 1266, 774, 223, 181, 1346
145-1023|72, 1406, 98, 221|40, 98, 41, 5, 29, 92, 1406, 1601, 172, 554
146-1546|1283|1283, 1280, 1053, 32, 2108, 2107, 733, 117, 396, 1284
147-1517|208|208, 796, 1389, 2114, 52, 795, 1697, 1694, 5, 369
148-1704|112, 14|14, 645, 514, 676, 113, 673, 1753, 587, 286, 1060
149-1777|29, 85|1094, 1471, 1386, 1079, 486, 891, 98, 1385, 302, 1603
150-804|45|833, 1370, 32, 1435, 68, 1026, 806, 920, 402, 1079
151-3508|1613, 1604, 85, 649, 402, 35, 103|35, 402, 156, 1015, 252, 45, 254, 1605, 154, 1604
152-2028|1606, 466, 1610, 1608, 1029|1608, 1606, 1610, 1425, 1029, 466, 1630, 1613, 1609, 253
153-435|2151, 47, 68|654, 64, 206, 1629, 47, 45, 49, 253, 1077, 46
154-3457|107, 1606, 253, 1608, 1425|45, 103, 85, 800, 298, 342, 1606, 1608, 1425, 254
155-525|107, 1631, 1090, 47, 49|1631, 49, 1090, 47, 1698, 542, 620, 497, 14, 1632
156-1344|1649, 135, 47|135, 47, 2688, 1125, 876, 1640, 1645, 791, 1644, 32
157-66|123, 311, 20, 366, 278, 21, 64, 127, 124, 22|22, 311, 21, 20, 123, 127, 64, 277, 485, 0
158-2044|6|6, 14, 977, 1647
159-2094|193, 1717, 177|1763, 1762, 177, 858, 85, 45, 254, 49, 1655, 1361
160-1607|188, 189|5, 31, 206, 79, 188, 144, 29, 2, 189, 986
161-1285|335|254, 124, 1425, 748, 45, 546, 1354, 1117, 170, 67
162-222|85, 726, 14, 361|85, 717, 1137, 645, 361, 704, 14, 254, 45, 1094
163-1921|341, 154, 1665, 40, 344|644, 2, 835, 1665, 6, 5, 188, 94, 50, 308
164-1384|485, 206, 1666, 105, 1236|1666, 1236, 206, 1145, 1183, 582, 732, 32, 1060, 105
165-3566|128|189, 1005, 1667, 764, 717, 425, 917, 461, 335, 3692
166-829|803|112, 803, 806, 354, 802, 782, 353, 517, 153
167-3875|239, 249, 14, 1678, 936|2579, 409, 644, 645, 1678, 79, 1145, 1677, 186, 354
168-156|171, 94, 41, 206, 1706|206, 397, 5, 163, 572, 79, 645, 48, 3691, 44
169-1216|1714, 1081, 1713, 1466|1092, 1081, 1096, 221, 47, 15, 32, 107, 52, 1466
170-1097|715, 852, 39, 206, 645, 1715, 1252, 5|5, 1067, 206, 39, 645, 1460, 1080, 1715, 1081, 715
171-868|400, 1621, 47|47, 371, 1621, 400, 50, 45, 374, 373, 2, 6
172-168|6, 5|5, 6, 645, 707, 14, 13, 898, 618, 189, 231
173-471|546|546, 126, 45, 49, 47, 371, 511, 102, 542
174-2369|142, 342|342, 142, 631, 1111, 266, 24, 776, 1455, 1275, 815
175-2378|1755, 1751, 1347|1751, 2682, 1761, 1347, 768, 1755, 1752, 1750, 1753, 1754
176-2343|239, 659|239, 659, 342, 898, 1111, 142, 1205, 354, 631, 24
177-2182|1111, 1757|1111, 342, 631, 142, 1530, 24, 1275, 815, 776, 920
178-2362|1755, 1761|1347, 1761, 1751, 1755, 2682, 768, 46, 14, 593, 507
179-3319|810, 582|582, 2150, 189, 319, 806, 805, 239, 32, 832
180-3819|1590, 976|968, 2545, 2544, 1764, 1453, 976, 1768, 1767, 1445, 63
181-890|50, 228, 713, 879, 887, 1426|228, 887, 50, 879, 888, 909, 350, 713, 242, 1653
182-2412|354, 1099, 237|237, 1099, 354, 2224, 113, 1769, 49, 1777, 970, 1129
183-895|659, 1787|498, 325, 702, 342, 582, 188, 463, 1291, 732, 1037
184-4352|1790|52, 1790, 1265, 713, 113
185-2394|107, 595, 869, 1791, 2296, 455, 843, 1036, 47|1036, 596, 595, 35, 1791, 869, 843, 49, 1773, 130
186-1891|246|246, 1796, 47, 298, 49, 794, 1394, 1590, 1434, 35
187-651|52, 308|52, 92, 47, 488, 132, 14, 79, 2680, 787, 697
188-2059|764, 1267, 567, 1800, 1801, 1667, 706|706, 764, 567, 1667, 1800, 1801, 1267, 1671, 1668, 930
189-2425|239, 446, 1789, 1210|1789, 1210, 659, 511, 342, 446, 905, 57, 491, 759
190-135|62, 1762, 638, 409|6, 62, 1453, 1762, 2104, 1691, 3658, 1094, 63, 2
191-161|1803, 781, 217, 240, 241, 13, 54|13, 240, 241, 5, 49, 1028, 14, 6, 117, 2528
192-551|206|206, 47, 397, 645, 45, 5, 14, 50, 1805, 163
193-4159|1558|746, 649, 1558, 863, 187, 801, 498, 891, 23, 103
194-29|141, 79, 1808, 42|1808, 26, 42, 68, 72, 74, 79, 76, 67, 49
195-3532|141|68, 1602, 103, 141, 29, 1426, 1016, 298, 1818, 1817
196-2459|1821, 1207, 1820|1821, 1820, 1822, 1819, 52, 1207, 1240, 1426
197-1968|52|52, 1240, 1822, 1820, 1819, 1426, 208, 47, 1821, 50
198-4353|117, 306, 971, 84, 64|306, 117, 1060, 171, 6, 59, 1830, 1829, 49, 47
199-4353|214, 971, 405, 84, 64|45, 6, 501, 47, 126, 306, 2, 15, 171, 599
200-245|120, 88, 140|1675, 2577, 117, 396, 140, 120
201-1561|1833, 550, 1298, 1294|1833, 1299, 1298, 1297, 1296, 1307, 1294, 1293, 107, 1834
202-4354|1434, 1590, 836, 2634|35, 1836, 1838, 970, 207, 389, 1840, 1839, 574, 1130
203-1989|45, 342, 35, 654, 2382, 68|35, 253, 1836, 970, 353, 1841, 68, 654, 1038, 6
204-2488|1448, 1845|858, 1448, 1435, 177, 1434, 1453, 1845, 1433, 1846, 596
205-3599|1450, 113|858, 113, 753, 1453, 1434, 1198, 2235, 1129, 2213, 488
206-758|378, 1808, 582|582, 732, 239, 484, 189, 721, 1808, 94, 378, 1849
207-17|14, 49|59, 45, 49, 629, 163, 17, 14, 38, 1196, 247
208-2486|1344|1453, 1434, 1844, 1435, 1845, 1766, 1344, 631, 48, 49
209-2055|64, 596, 29, 858, 335, 64, 250, 64|858, 60, 2593, 1659, 64, 6, 177, 1852, 502, 611
210-341|50, 51, 493|51, 50, 493, 794, 29, 79, 85, 144, 500, 1853
211-234|377, 378, 254, 1854|254, 153, 377, 26, 1854, 379, 124, 65, 1353, 380
212-3889|1828, 1129, 1855, 149|149, 1888, 2599, 1330, 2600, 208, 1855, 1129, 1828, 1147
213-1773|254|808, 254, 124, 313, 469, 1009, 388, 1797, 1354, 1239
214-3122|669|1523, 965, 62, 80, 2777, 2692, 669, 308, 377, 26
215-2983|732, 582, 1862, 470|965, 1094, 1676, 553, 582, 1869, 583, 1667, 171, 1862
216-1461|1554, 666, 556, 32, 365, 1043, 632|470, 2601, 582, 576, 1183, 35, 188, 94, 186, 107
217-1601|48, 1667|1956, 1955, 1148, 1787, 1037, 48, 1656, 986, 1332, 509
218-2398|1077, 219, 114, 1769, 47, 49|47, 114, 49, 1077, 1769, 219, 45, 26, 1798, 2671
219-404|963, 1878, 404|404, 963, 645, 221, 66, 479, 6, 40, 278, 107
220-4160|654, 1881, 1447|449, 466, 2061, 1882, 1881, 654, 1880, 339, 1590, 1879
221-3329|1884, 1650, 1173|1173, 1650, 756, 1884, 1060, 13, 240, 1885, 14, 241
222-3880|153, 11|2594, 1434, 1060, 206, 49, 14, 1343, 13, 144, 572
223-1421|1892, 6, 939, 5|6, 5, 939, 1892, 85, 14, 39, 676, 29, 206
224-3574|935, 60, 68, 1897, 91|60, 935, 1897, 389, 2577, 106, 1029, 1610, 247, 26
225-3837|1939, 94|808, 254, 512, 35, 206, 2676, 47, 38, 389, 353
226-694|638, 3610, 3609|713, 117, 357, 213, 149, 638, 62, 3610, 712, 3609
227-61|60, 29, 1898, 372|60, 47, 29, 59, 79, 154, 40, 692, 49, 372
228-3876|1930, 436, 46|512, 638, 1079, 1899, 645, 5, 707, 1077, 39, 1629
229-2082|206, 5|254, 5, 206, 397, 40, 93, 62, 78, 638, 1050
230-3530|1270|1094, 1270, 913, 2128, 239, 208, 103, 1052, 112, 5
231-1467|794, 1196, 38, 47|1196, 59, 38, 47, 794, 1532, 52, 163, 63, 49
232-156|711, 206, 40, 397, 5|206, 5, 397, 572, 163, 645, 48, 41, 79, 3691
233-2582|1909|1909
234-65|122, 600, 2513, 54|206, 39, 1032, 1911, 122, 1060, 117, 121, 107, 201
235-1402|939|939, 206, 546, 5, 14, 6, 117, 1060, 49, 47
236-4352|685, 713, 1914|1912, 1914, 1129, 1093, 347, 60, 79, 163, 48, 553
237-1644|370|179, 1915, 1448, 47, 170, 169, 370, 791, 1646, 1645
238-1778|707, 1472, 1917|14, 264, 1175, 717, 85, 707, 5, 6, 906, 425
239-347|14|727, 266, 85, 14, 1094, 634, 247, 728, 510, 509
240-1560|889, 6, 5|645, 119, 94, 5, 6, 342, 1275, 1148, 545, 1920
241-640|50, 85, 39, 103|39, 5, 85, 103, 32, 645, 302, 834, 1921, 87
242-2821|1933|1923, 1932, 965, 1933, 1936, 1356, 1934, 1935, 824, 72
243-116|342, 1629|1060, 469, 1629, 64, 45, 517, 945, 254, 511, 42
244-3822|736|736, 815, 1293, 2577, 171, 281
245-3312|1940, 1942, 654, 1938|1938, 654, 179, 1942, 1941, 1940, 1939
246-3311|1940, 1941, 179, 1938|1939, 1938, 179, 798, 1943, 1940, 1941, 1942
247-3310|179, 1938|1938, 1939, 179, 798, 1943, 654
248-3267|32, 32, 824, 824, 1934, 1936, 1935|1935, 1934, 824, 32, 1933, 1936, 813
249-4160|2061, 466, 449|449, 466, 2061, 49, 47, 45, 490, 126, 371, 14
250-2933|965|965, 1923, 1356, 1932, 1933, 1937, 917, 278, 732, 72
251-1625|590|1345, 117, 582, 107, 6, 5, 14, 1676, 1090, 31
252-1531|335|1259, 189, 250, 666, 26, 42, 12, 10, 377, 254
253-781|713, 1799|3609, 746, 749, 6, 198, 42, 78, 1326, 1945, 8
254-1498|319, 582, 189|189, 319, 582, 2213, 2349, 2124, 2348, 1367, 412, 1132
255-751|240|240, 13, 163, 1094, 1173, 668, 1808, 628, 5, 1406
256-1790|1957, 1956|1864, 2568, 84, 2569, 191, 1487, 1499, 220, 1601, 1331
257-2473|3500, 35, 3622|35, 2676, 636, 2618, 181, 1836, 970, 1840, 880, 1038
258-3448|2056, 2057, 1971, 2029|2029, 1971, 2057, 2056, 2026, 1970, 2025, 2048, 2047, 2046
259-3430|1971, 2012|654, 2008, 1971, 2010, 818, 2006, 2011, 899, 1431, 1221
260-3370|1969, 1970|1970, 1969, 1983, 1976, 1620, 565, 1988, 367, 1971, 1079
261-661|85, 32, 1988|103, 402, 1988, 1079, 141, 112, 157, 1394, 575, 1396
262-3787|98|668, 1808, 163, 892, 490, 14, 98, 466, 52, 240
263-837|32, 237|837, 838, 806, 237, 65, 1597, 6, 418, 45, 29
264-3427|179|32, 1983, 179, 1970, 85, 256, 1620, 353, 21, 490
265-3357|1864|191, 1864, 64, 2158, 2568, 192, 2569, 1966
266-1434|107|1182, 462, 1094, 140, 154, 47, 464, 939, 107, 45
267-1416|2077, 14|1094, 1087, 247, 39, 14, 1145, 49, 105, 392, 2078
268-169|369|142, 254, 1009, 189, 369, 1259, 26, 390, 1923, 1425
269-1629|154|768, 1347, 769, 1147, 364, 1752
270-1517|794, 198, 1420, 1697|436, 417, 796, 1389, 2114, 1697, 52, 1694, 198, 8
271-3476|2080|2080, 2082, 2079
272-3474|2082, 2080|2080, 2082, 2081, 2079
273-3474|2082, 2080|2080, 2082, 2081, 2079
274-234|469, 2083, 42|469, 2083, 254, 153, 379, 65, 1353, 380, 377, 471
275-2803|248, 1710, 1747|1923, 254, 1403, 414, 533, 64, 666, 250, 1783, 1657
276-3476|198, 2080|2080, 2082, 167, 198, 2081, 2084
277-269|6, 5|5, 6, 49, 181, 47, 64, 21, 20, 107, 111
278-2406|595, 35|595, 35, 47, 596, 1077, 2382, 1096, 418, 600, 6
279-276|106, 62, 107, 410, 2, 4, 122, 408, 523, 188, 477, 49|49, 408, 188, 122, 2, 107, 62, 523, 47, 410
280-1381|208, 2469|48, 49, 596, 1137, 47, 208, 542, 372, 917, 247
281-1857|175|175, 794, 623, 1271, 795, 1118, 1549, 52, 796, 150
282-2575|188|2098, 478, 189, 188, 929, 144, 29
283-490|87|469, 14, 42, 1857, 471, 93, 107, 106, 1060, 252
284-1721|29, 1009, 254|72, 2099, 214, 254, 851, 2, 217, 1299, 295, 1949
285-3312|1450, 35, 1942, 654, 1394, 2850|2100, 1938, 654, 179, 1942, 1941, 1940, 1939, 2103, 39
286-3817|596, 46, 2542|596, 2542, 1347, 46, 1696, 1096, 1689, 1129, 94, 49
287-533|45|47, 49, 426, 163, 45, 5, 59, 609, 395, 65
288-1508|826|826, 1053, 302, 605
289-3470|1761|1761, 768, 1347, 2200, 1751, 1755, 1760
290-1966|117, 2107, 1281, 2108, 1283|1283, 2107, 2108, 117, 1053, 153, 733, 181, 32
291-2069|172, 45, 29, 463, 683, 1347, 1059, 73, 103, 179, 5|1678, 240, 2627, 672, 186, 181, 461, 293, 217, 686
292-2090|1420|1420, 50, 206, 62, 1717, 794, 198, 8, 6, 1715
293-1788|1114|20, 65, 1114, 1507, 1505, 15, 2111, 898, 819, 916
294-3459|35, 1366, 5|35, 184, 715, 1423, 253, 47, 5, 517, 1015, 39
295-1805|2, 79, 113|582, 189, 319, 1517, 1491, 1492, 79, 144, 2, 1233
296-3874|359|246, 359, 423, 49, 47, 2072, 1823, 2579, 1320, 942
297-2432|1457, 3, 57, 15, 1747|57, 1457, 1747, 15, 3, 491, 485, 56, 759, 1253
298-110|1094|52, 221, 175, 65, 85, 1806, 303, 357, 213, 800
299-3855|2117, 304|2117, 304, 2801, 242, 2565, 280, 2566
300-1297|902, 217, 2118, 2119, 32|1124, 2119, 2118, 1094, 1954, 1577, 874, 94, 1122, 217
301-1319|1277|655, 582, 732, 340, 94, 1122, 6, 605, 2, 32
302-71|1631|1631, 47, 131, 130, 133, 132, 45, 6, 17, 122
303-2063|659, 313, 660|1923, 660, 313, 659, 1671, 1670, 1669, 764, 189, 84
304-3873|171, 2096|2127, 1389, 2114, 1094, 2096, 1537, 2129, 2130, 2128, 208
305-3531|2132, 2133, 179|2133, 2132, 179
306-1061|239, 999, 582, 1000, 813|239, 817, 582, 94, 245, 47, 49, 1365, 189, 319
307-3229|110|965, 717, 5, 26
308-4353|2, 971|5, 47, 49, 105, 254, 45, 6, 68, 638, 436
309-2101|64, 1111, 142, 342, 1724|342, 142, 1111, 64, 1724, 631, 1745, 1455, 24, 266
310-878|247|247, 1127, 35, 728, 94, 208, 402, 2754, 1094, 2176
311-3808|93|93, 1094, 45, 138, 41, 389, 1130, 395, 63, 42
312-3504|206, 2146|206, 2146, 2109, 92
313-3801|1946|42, 2126, 1946, 68, 142, 1427, 2687, 93, 26, 179
314-1682|49|6, 418, 1597, 654, 45, 126, 49, 17, 117, 122
315-502|1145|14, 32, 478, 1698, 65, 94, 266, 85, 256, 5
316-2512|1009, 1620|64, 40, 192, 191, 1009, 1620, 85, 335, 103, 2148
317-2023|2117, 304|1610, 1608, 1606, 1630, 228, 141, 2117, 1620, 1627, 1618
318-1915|469, 436, 2151|469, 2151, 2150, 12, 6, 112, 502, 436, 835, 1060
319-1100|906, 527|527, 906, 2213, 1129, 1019, 1018
320-806|801|826, 782, 779, 801, 854, 68, 2152, 32, 6, 418
321-1952|1597|207, 1597, 1394, 654, 32, 801
322-187|1094|1094, 1540, 6, 5, 267, 264, 263, 186, 118, 106
323-2058|195, 1664|45, 1094, 308, 1665, 1664, 1663, 195, 50, 94, 47
324-1943|905|1300, 1591, 903, 905, 1553, 189, 673, 618
325-65|2513|704, 49, 45, 1662, 122, 2, 2157, 117, 121, 107
326-810|826|826, 803, 782, 779
327-2520|93|93, 254, 45, 26, 64, 555, 621, 2158
328-4159|102, 2160, 2161, 2164|746, 649, 181, 2161, 2166, 2171, 184, 295, 281, 2160
329-2868|2172|965, 2172, 2179, 2174, 2173, 2175, 2176, 2181, 2186, 2180
330-1673|645, 978, 14|645, 1060, 1397, 618, 14, 978, 1453, 1181, 2197, 1015
331-428|50, 126, 511, 246|49, 408, 63, 122, 35, 126, 45, 2213, 127, 106
332-388|32, 717|565, 14, 189, 735, 717, 85, 6, 482, 500, 31
333-68|125, 122, 22|22, 64, 21, 20, 122, 117, 296, 127, 125, 107
334-2481|402, 38|2155, 253, 228, 838, 38, 402, 662, 1199, 1038, 35
335-3579|79|79, 664, 68, 52, 42, 179, 72, 2207, 2198
336-3547|1610, 1029|1610, 1029, 2605, 228, 68, 2585, 2584
337-2361|1752, 768, 1755, 1751, 2200, 1347|768, 1347, 1752, 1761, 686, 1751, 2200, 1755, 2199, 246
338-3578|1610, 2201|1610, 2201, 2202, 228
339-26|1161|1161, 70, 65, 69, 645, 1137, 1157, 46, 35, 1138
340-2829|2311|1923, 2202, 1610, 228
341-119|50, 128, 713, 47|47, 49, 978, 128, 370, 1641, 50, 424, 156, 595
342-420|2206, 48, 65, 84|48, 84, 40, 135, 32, 700, 65, 64, 192, 191
343-1023|2211|2211, 2210, 1199, 3620, 3640, 3635, 3634, 3627, 3626, 21
344-1832|228, 2212|228, 1610, 2605, 863, 2212
345-3663|2213, 335, 301, 158, 1129, 654|2213, 2287, 2286, 2285, 2288, 2231, 1129, 2, 29, 144
346-3612|2213, 574, 2068|2213, 1129, 52, 350, 308, 217, 1915, 17, 353, 1697
347-3588|2213, 2238, 501|2213, 2238, 137, 501, 1129, 2, 63, 221, 146, 2215
348-3645|29, 144|2213, 144, 29, 1129, 918, 2320, 742, 587, 2477, 2476
349-3708|2362, 2213, 2363, 2364, 2365, 2366, 2353|2213, 2362, 2365, 2367, 2353, 2366, 2364, 2363, 424, 1882
350-3765|67, 2213, 1359, 1141, 23|2213, 23, 67, 1141, 1915, 2499, 1359, 1129, 48, 29
351-3692|2213, 1229, 2235|2213, 2235, 1229, 364, 72, 214, 404, 63, 2593, 1453
352-911|505, 902, 903, 266|266, 903, 902, 13, 1570, 505, 897, 240, 14, 6
353-3628|1915, 2213, 512, 2466, 2126|2213, 2126, 512, 441, 2466, 1915, 18, 2516, 1696, 2230
354-3679|2213, 1084, 548|2213, 548, 1236, 1129, 48, 2195, 2341, 2342, 582, 2487
355-3662|2492, 2459, 2213|2213, 2321, 2459, 2230, 737, 2493, 2486, 177, 2492, 72
356-3737|2231, 2422, 2213|2213, 2422, 2494, 1129, 103, 1915, 2515, 2230, 2458, 2055
357-1405|886, 2213, 144|2213, 2318, 1129, 1532, 144, 133, 405, 886, 1161, 29
358-3592|2213, 72, 2322|2213, 72, 404, 2322, 214, 1129, 1915, 2427, 199, 1810
359-3754|85, 2463|2213, 2463, 1776, 85, 1129, 266, 2515, 63, 2511, 48
360-3737|2458, 2213, 103|2213, 2422, 2494, 103, 1129, 2515, 2230, 2458, 2055, 551
361-2479|35|370, 478, 755, 1158, 6, 715, 1836, 35, 179, 454
362-1928|2, 454, 2106, 313, 35, 717|35, 65, 2514, 2, 2071, 1802, 454, 717, 313, 189
363-276|2213, 408, 1129, 49|2213, 2, 63, 49, 1129, 408, 144, 29, 188, 606
364-2453|1346, 35, 2518|1346, 2518, 35, 1602, 49, 371, 1899, 114, 455, 596
365-1154|1592|93, 26, 64, 45, 42, 736, 621, 2152, 252, 213
366-3767|2213|2213, 2386, 2383, 2384, 2387, 2385, 1315, 29, 1129, 144
367-783|432, 2521, 759, 582, 755, 163|163, 759, 757, 13, 1022, 2521, 645, 149, 1804, 518
368-966|841|128, 1570, 2522, 2382, 634, 1116, 1115, 64, 894, 113
369-3324|2523|2523, 582, 1832, 189, 319, 2229, 49, 615, 371, 114
370-1252|1410|1410, 1118, 728
371-3825|154, 568, 898, 512, 149|568, 1855, 149, 512, 898, 154, 13, 241, 645, 2526
372-3784|1848|1315, 488, 2535, 1447, 2263, 1942, 2534, 48, 47
373-3455|295, 2530, 2167, 2163, 2164, 2160, 2166|2166, 2160, 2163, 2164, 2167, 2161, 295, 1816, 298, 801
374-725|63, 2531|163, 5, 2531, 105, 800, 113, 582, 572, 702, 1308
375-4355|1854, 14, 2532, 1236|1854, 645, 2533, 2532, 247, 7, 948
376-2583|835, 1795|1942, 382, 1039, 206, 39, 388, 654, 1158, 1780, 910
377-3789|216, 345|501, 345, 659, 644, 832, 188, 1620, 149, 2468, 737
378-1889|52, 2008, 501|52, 713, 1540, 501, 2008, 405, 490, 466, 29, 14
379-103|45, 254, 64, 26, 167, 93|45, 254, 64, 49, 1946, 167, 26, 1947, 93, 453
380-2072|1664, 5|965, 5, 85, 764, 1074, 951, 94, 171, 47, 49
381-9|34, 6, 24, 36|36, 24, 1060, 963, 1173, 463, 26, 4, 14, 13
382-798|1485, 1482, 1514|776, 1514, 1482, 1485, 463, 895, 342, 673, 446, 154
383-1146|968, 1425|45, 968, 645, 5, 171, 242, 1094, 254, 469, 1029
384-3811|2544, 2545, 968|968, 2545, 2544, 1716, 242, 6, 83, 247, 5, 2543
385-4045|2549|511, 107, 344, 1588, 631, 342, 2510, 2546, 1275, 659
386-1817|1170, 79, 163, 188|188, 79, 94, 1170, 1493, 1492, 1502, 228, 948, 863
387-2450|191|191, 163, 1955, 64, 1815, 3657, 40, 192, 1864, 5
388-3826|141, 1239, 242, 253, 1838, 236, 298, 35|35, 242, 737, 141, 253, 382, 863, 1858, 662, 299
389-1886|794, 52|794, 50, 51, 795, 2207, 150, 1544, 1540, 432, 48
390-2364|1754|1754, 13, 645, 241, 568, 1625, 1662, 1006, 1521, 690
391-2479|35|35, 1836, 6, 755, 1158, 715, 1839, 253, 2518, 1346
392-1065|1006|1006, 568, 913, 241, 1754, 659, 13, 36, 240, 676
393-458|2, 6, 906, 250, 259|6, 5, 32, 30, 2548, 1818, 645, 906, 1060, 2
394-3871|687, 1047, 511|517, 181, 49, 47, 188, 409, 171, 1717, 485, 29
395-2000|715, 32|282, 838, 806, 2155, 1423, 512, 35, 353, 6, 715
396-4077|29, 339, 2553|3614, 3615, 2782, 2781, 517, 976, 1477, 353, 2553, 29
397-4116|500, 1173, 189|1094, 1100, 6, 94, 500, 1015, 645, 49, 35, 2554
398-3847|179|179, 1158, 2558, 2556, 153
399-3853|484, 2558|1200, 484, 2558, 1158, 2557, 2560, 179, 2561, 2559
400-3852|2561|2558, 2561, 1158, 2557, 2560, 179, 2559, 484
401-3322|2570, 81|2570, 1094, 26, 68, 74, 881, 2562, 2063, 1543, 15
402-3859|141, 1696, 341, 280, 2106, 2565, 1346, 1620|2565, 280, 2106, 1346, 1696, 141, 2566, 2564, 1617, 1627
403-2425|659, 1789|1789, 1878, 46, 511, 490, 84
404-739|2568|2568, 553, 2573, 84, 48, 2572, 1094, 32, 2651, 2113
405-981|50, 29, 85, 144, 361|29, 144, 2250, 1632, 226, 225, 985, 2436, 2229, 1129
406-3915|107|107, 2641, 655, 142
407-3915|2574|2574, 2641, 655, 142
408-4355|2533, 247, 2532|5, 645, 2575, 247, 246
409-855|853, 851, 665|252, 64, 853, 45, 383, 665, 851, 1094, 5, 453
410-3539|2436, 2268, 1129|144, 29, 1776, 1129, 188, 2268, 2436, 1915, 2250, 501
411-190|1129|1060, 1032, 985, 2436, 188, 144, 29, 1037, 1129, 968
412-1353|1915, 1776, 978, 14|14, 1129, 29, 144, 1776, 1915, 2213, 488, 2253, 2436
413-821|35|35, 1077, 1079, 1346, 2213, 6, 102, 833, 49, 47
414-3789|216, 768|501, 345, 768, 550, 189, 149, 769, 770, 154, 1147
415-2368|117, 92, 1734|92, 342, 920, 1275, 48, 142, 776, 295, 815, 311
416-1033|2579|2579, 956, 672, 937, 645, 305, 955, 952, 935, 954
417-59|1094|1094, 113, 52, 795, 51, 50, 796, 68, 863, 1540
418-1740|2435, 2580, 113|2580, 113, 2, 2068, 2435, 1253, 221, 189, 717, 116
419-2096|154, 32, 1722, 47, 221|47, 45, 221, 1722, 785, 1310, 78, 29, 137, 32
420-1707|1016|774, 1016, 206, 35, 1346, 68, 1817, 416, 1266, 1699
421-1934|171|2777, 645, 14, 171, 1129, 6, 768, 1347
422-3578|228, 616, 467|228, 1610, 2202, 2584, 68, 466, 1615, 2586, 1620, 39
423-1615|1060|1060, 5, 6, 189, 1473, 1397, 618, 645, 1337, 14
424-286|107|93, 79, 45, 254, 107, 428, 2590, 204, 26, 2588
425-3502|2591, 2106, 1096, 1079|1096, 2591, 1079, 2106, 1696, 298, 402, 401, 596, 597
426-3319|810, 1405, 793|2150, 189, 582, 319, 335, 1273, 2468, 354, 179, 266
427-2049|2593|2593, 593, 1454, 6, 611, 441, 12, 1852, 177, 113
428-3573|107|107, 1029, 1610, 93, 141, 2590, 64, 45, 546, 26
429-1731|280|280, 98, 14, 1359, 24, 490, 1441, 1439, 466, 228
430-109|92, 6, 5|149, 392, 5, 6, 1060, 206, 92, 2109, 645, 2213
431-3796|1094|1094, 641, 1554, 1601, 500, 556, 15, 32, 482, 2596
432-1365|2597|2597, 247, 1146, 1088, 113, 14, 1060, 246, 35, 727
433-3594|877, 1859|1859, 72, 2213, 877, 1633, 2221, 194, 571, 1656, 570
434-827|2773, 846, 820|829, 811, 820, 819, 179, 1952, 821, 781
435-2085|1188|1188, 35, 5, 47, 1702, 572, 542, 1090, 1708, 94
436-1335|246, 46, 293|247, 47, 5, 188, 921, 46, 49, 542, 1121, 1122
437-1832|228, 1610, 1394|228, 1610, 863, 2605, 1046, 1394, 2586, 2212, 411, 1249
438-4040|154, 233, 892, 2755|154, 2755, 1399, 233, 477, 2606, 40, 286, 84, 24
439-242|191, 192, 40, 64|105, 40, 64, 191, 192, 149, 14, 392, 1094, 582
440-225|1145|1145, 22, 363, 21, 14, 32, 49, 20, 84, 362
441-3453|282, 620, 2621, 207, 807|207, 1922, 1597, 837, 1103, 620, 2617, 35, 2612, 807
442-1013|2627, 1678|1678, 2627, 938, 1677, 101, 117, 305
443-4356|107, 895, 2632|107, 2628, 39, 2629, 113, 5, 110, 1142, 2632, 2631
444-4354|1434, 2634|1434, 596, 126, 2551, 47, 1449, 737, 595, 1077, 46
445-3496|2100|2100, 2103, 2101, 2102
446-957|794, 239, 323, 241, 568|568, 913, 1094, 241, 13, 794, 281, 906, 323, 914
447-2393|47|47, 49, 50, 2636, 143, 716, 1769, 223, 1378, 2592
448-971|1094|903, 290, 1105, 219, 1045, 14, 582, 266, 2637, 520
449-2787|2, 1578|1923, 660, 686, 32, 78, 243, 244, 391, 1094, 490
450-764|243, 557|796, 795, 1094, 5, 487, 488, 3651, 3650, 64, 40
451-2485|1448|1448, 596, 177, 858, 1434, 179, 2633
452-3827|2551, 627, 46, 47|47, 46, 627, 2551, 59, 115, 155, 49, 5, 60
453-3909|1589|1589, 2, 35, 1036, 2551, 595, 2197, 1453, 1445
454-3913|2638|2638
455-3860|82|2281, 2640, 641, 48, 79, 2568, 2639
456-122|107, 287, 348, 185, 186, 289|184, 107, 186, 185, 47, 289, 201, 287, 649, 52
457-3865|2642|2642, 2574, 107, 2641, 142, 655, 26, 1946
458-2566|85, 2122|85, 2690, 1891, 298, 401, 402, 645, 608, 5, 1880
459-3920|184, 107, 1420|184, 2649, 1059, 1420, 107, 264, 2648, 2645, 181, 2647
460-3481|250, 477, 49|47, 477, 246, 49, 542, 208, 6, 418, 1583, 2650
461-3877|556, 2582|2582, 107, 556, 822, 1444
462-2005|645|2651, 645, 222, 26, 6, 1201, 970, 103, 335, 3692
463-1329|634, 15|1117, 9, 45, 874, 1119, 2, 188, 79, 65, 664
464-1859|50, 51, 638, 1540|739, 623, 85, 348, 206, 644, 638, 51, 50, 79
465-560|32, 823|2652, 670, 630, 629, 94, 29, 44, 31, 54, 549
466-546|582, 1829, 1087, 1667, 113, 1060|14, 130, 1350, 497, 1060, 49, 60, 1689, 217, 870
467-4356|107, 1651, 286|39, 107, 196, 114, 131
468-539|1094|1094, 2343, 404, 623, 1009, 29, 61, 2203, 703, 953
469-3926|556, 2536, 906, 171, 2192|2192, 2536, 906, 556, 171, 29, 144
470-873|864, 242, 47|47, 49, 114, 189, 1129, 242, 92, 79, 35, 39
471-550|247, 65, 254, 113|206, 223, 774, 1418, 113, 247, 14, 800, 64, 254
472-1392|1094|1094, 409, 732, 635, 645, 35, 13, 6, 791, 1812
473-3873|6, 746|746, 23, 1212, 6, 1389, 2114, 1094, 2096, 1537, 1347
474-3479|49, 463, 47|47, 49, 50, 463, 409, 188, 485, 374, 372, 5
475-109|6, 2658, 5|5, 2658, 528, 6, 1060, 130, 582, 645, 2213, 179
476-530|1408, 101, 2659, 47|47, 176, 170, 2659, 1408, 542, 101, 49, 45, 2660
477-1944|1896|247, 13, 1173, 2661, 308, 163, 645, 2662, 926, 5
478-250|2590, 93|93, 2590, 107, 68, 406, 72, 405, 79, 78, 995
479-1601|48, 986, 1656, 84, 457|1956, 1955, 1148, 1787, 1037, 48, 1656, 986, 1332, 509
480-2460|60|68, 60, 1240, 1697, 1797, 78, 48, 113, 198, 65
481-3908|107|107, 2629, 1142, 2628, 39, 2463, 1902, 1097, 2630, 776
482-661|85|141, 2663, 112, 157, 103, 402, 1394, 575, 1396, 775
483-4357|107, 2665, 280, 254, 40, 64, 93|107, 280, 40, 204, 154, 45, 462, 224, 64, 466
484-2455|1825, 1376|1240, 1822, 47, 1376, 52, 874, 68, 1825, 1037, 1823
485-1011|670, 630|1548, 670, 1923, 630, 1667, 735, 48, 365, 32, 254
486-1893|905, 311, 1552|905, 659, 342, 446, 1552, 117, 253, 880, 1210, 2676
487-2030|2575|2575, 1635, 498, 1682, 163, 14, 363, 1090, 1631, 1606
488-569|107, 942, 47|52, 49, 47, 45, 107, 50, 542, 126, 462, 51
489-1215|917, 15, 47|47, 917, 49, 208, 1700, 83, 171, 1698, 1092, 1096
490-2551|13|13, 240, 1343, 308, 144, 1060, 1870, 6, 926, 2661
491-3942|92, 26|791, 64, 26, 45, 128, 29, 172, 2688, 2313, 732
492-1245|815|746, 815, 517, 1387, 634, 94, 1105
493-350|1427|206, 84, 130, 63, 1427, 45, 5, 721, 1486, 1494
494-1562|1300|1300, 895, 39, 673, 5, 1301, 1297, 354, 85, 1443
495-3950|3690, 487|641, 2639, 2785, 378, 45, 2698, 2152, 2692, 2640, 29
496-1456|2313, 14, 47|47, 14, 247, 791, 2688, 1079, 2689, 1640, 1646, 1645
497-368|1094|1094, 79, 113, 644, 2174, 2173, 1297, 533, 163, 755
498-1961|228, 1046, 94, 863, 498, 1566|228, 1046, 1568, 181, 863, 498, 1566, 1099, 107, 1557
499-3968|2739|2739, 2710, 1193, 2696, 2697, 2722, 2716, 2711, 2405, 2738
500-4038|181, 2741, 2743|2741, 181, 2743, 2748, 2745, 2746, 117, 2740, 102, 106
501-4028|117, 2741, 2748, 2746, 2742, 3641, 2749|2741, 2746, 2742, 117, 2748, 2749, 3641, 2745, 181, 2752
502-5|222, 2179|22, 1074, 2753, 994, 332, 402, 3660, 336, 21, 20
503-361|45, 61, 63, 1427|45, 61, 1427, 63, 72, 6, 524, 26, 254, 124
504-557|599, 547, 47, 5|59, 52, 49, 994, 47, 15, 45, 171, 5, 939
505-234|153, 254, 1357|254, 1357, 651, 153, 379, 26, 65, 1353, 380, 377
506-3858|154, 2567, 2756, 64|2756, 335, 353, 2564, 2567, 1010, 103, 829, 1732, 905
507-4044|184, 2757, 2759|2757, 2759, 184, 2758, 604, 1318, 319
508-4043|2758, 2757, 604|2757, 2758, 604, 319, 2759, 184, 1318
509-1732|65|1442, 2760, 313
510-1288|2650|2650, 791, 29, 128, 1378, 556, 1578, 1642, 1644, 1643
511-378|79, 406|79, 406, 995, 405, 238, 2637, 78, 1492, 1502
512-4045|107, 511|107, 511, 2761, 147
513-262|106, 2, 29, 63, 144, 246, 408|106, 122, 794, 408, 59, 2, 49, 62, 50, 246
514-1796|1737, 102|463, 325, 15, 498, 703, 1514, 1513, 184, 313
515-1023|2762, 2763|2763, 2762, 3620, 3640, 3635, 3634, 3627, 3626, 21, 3618
516-311|2130|280, 462, 107, 45, 204, 138, 447, 464, 40, 452
517-349|2764, 725|14, 2764, 725, 2765, 29, 1009, 2779, 2780, 2778, 1094
518-244|171, 239|732, 5, 163, 14, 2832, 1094, 1631, 49, 582, 398
519-1640|736, 93|93, 666, 42, 124, 1353, 736, 254, 1818
520-3500|403, 52|403, 1096, 454, 2591, 1696, 794, 50, 51, 246
521-3952|655|655, 342, 2692, 2281, 64, 354, 340, 1541, 78, 733
522-814|2767|2767, 32, 2768, 2770, 1060, 252, 1142, 852, 354, 803
523-2007|794, 2106|2316, 35, 659, 1094, 2676, 226, 225, 117, 2159, 1623
524-1564|1306, 1296, 1307, 1297, 1294|107, 1293, 1294, 1297, 1307, 1296, 1306, 1301, 1292, 1289
525-4052|107, 6, 1294|107, 6, 1294, 1293, 1305, 1304, 1303, 1302, 970
526-3537|130, 6, 14, 5, 1157|1157, 5, 498, 1606, 2141, 208, 187, 171, 201, 6
527-140|203, 45, 194, 461, 26|204, 49, 50, 26, 45, 203, 85, 14, 408, 197
528-4052|107, 1293|107, 1293, 1019, 6, 1240, 1833, 1294, 463, 815, 354
529-3466|184, 2771, 2074, 939|1173, 1094, 2771, 2075, 117, 939, 2074, 184, 181
530-242|32, 582, 14, 105, 149|105, 582, 14, 32, 44, 113, 149, 65, 247, 392
531-14|49|49, 47, 45, 246, 48, 50, 126, 46, 51, 52
532-3568|2772, 831, 611, 819|2772, 32, 179, 335, 154, 2185
533-180|14, 113|5, 582, 113, 14, 47, 1094, 1088, 587, 6, 264
534-1668|645|85, 354, 5, 6, 1103, 485, 189, 2663, 620, 242
535-134|60, 1390, 655, 2829|715, 29, 1699, 437, 655, 354, 974, 1454, 1390, 60
536-4050|2362, 1025, 654, 2058|2767, 2058, 1029, 2282, 1181, 2770, 2769, 112, 85, 103
537-1502|973, 494|26, 64, 1232, 973, 93, 42, 254, 78, 494, 477
538-113|29, 1849, 178, 180, 179, 143, 47|47, 374, 1849, 45, 542, 49, 179, 126, 50, 29
539-109|6, 645, 14|5, 6, 1060, 14, 49, 645, 47, 2213, 246, 59
540-2082|163, 1200, 392|206, 5, 1200, 105, 163, 397, 398, 64, 35, 171
541-167|2776|2776, 14, 5, 528, 1173, 910, 251, 102, 1022, 65
542-4058|2200, 2777|2777, 2200, 717, 3655, 970, 267, 937, 3692, 239, 1368
543-2420|731|1667, 1786, 64, 191, 731, 40, 84, 47, 1308
544-2573|1180, 18, 48, 206|206, 48, 84, 94, 1180, 220, 217, 1633, 1069, 79
545-1815|184, 1523, 29, 79, 213|79, 18, 29, 1517, 1492, 213, 1523, 184, 42, 1953
546-2632|258, 2, 1356, 29, 859, 340, 1814, 179, 1727, 611, 490, 1756, 686, 313, 660|965, 1923, 1094, 490, 1356, 142, 659, 660, 1273, 225
547-2610|85, 1921, 2024, 2021|85, 820, 1921, 2021, 1988, 2024, 402, 1079, 2023, 5
548-767|2778, 2780, 2779|79, 2778, 2779, 2780, 14, 163, 247, 927, 743, 221
549-280|154, 40, 296, 425, 22|22, 85, 363, 582, 296, 108, 316, 315, 348, 1257
550-235|206|206, 64, 1266, 1798, 381, 47, 49, 457, 29, 246
551-4300|2781, 2782|3614, 1424, 2782, 2781, 1449, 595
552-2489|1854|1854, 5, 278, 84, 800, 884, 189, 917, 461, 335
553-4355|1854, 14|1854, 1145, 14, 463, 1173, 904, 2783
554-458|6, 906, 1854, 259|14, 485, 756, 1854, 2784, 645, 906, 1060, 6, 2
555-3498|2100, 2103|2100, 2103, 2102, 2101
556-4357|107, 45, 2665, 41, 64, 26, 138|93, 107, 79, 138, 41, 204, 462, 280, 939, 449
557-1496|239, 246, 47|794, 79, 150, 198, 1334, 1544, 1682, 542, 86, 1632
558-4115|1852, 2785, 1853, 2786, 2788, 2787, 1852, 2789|2787, 1852, 2789, 2788, 2786, 1853, 2785
559-103|469, 1947, 1948|1950, 2570, 1948, 124, 254, 45, 469, 654, 2466, 1946
560-1434|462, 1182, 1339|1182, 462, 939, 107, 213, 140, 2790, 206, 2559, 1180
561-4118|281, 868, 2793|2793, 281, 868, 2794, 2795, 117, 181, 2797, 2796, 1428
562-3859|696, 2117, 304|2801, 304, 2117, 1346, 2565, 2106, 280, 1696, 141, 1627
563-4320|2803, 2812, 2804, 2805, 2807|3673, 3672, 2818, 2803, 2805, 2804, 2809, 396, 2817, 2816
564-978|179, 266|266, 903, 833, 1158, 179, 17, 142, 654, 1041, 517
565-1911|1557, 634|2529, 2170, 2166, 2163, 117, 863, 498, 1557, 1099, 634
566-3852|2561, 1200|1200, 2558, 2561, 2557, 2556, 2092, 2350
567-1214|219, 68, 2058|219, 605, 1029, 2058, 64, 50, 1085, 715, 2282, 1181
568-541|535, 32, 14|1707, 86, 1698, 14, 32, 497, 278, 73, 334, 333
569-3876|2819, 1763, 2257|512, 638, 2819, 2821, 2820, 1843, 35, 2782, 94, 1796
570-4142|1094|1094, 107
571-1052|1403, 487, 994, 3652|59, 92, 994, 217, 3652, 487, 1403, 94, 755, 79
572-900|961|1094, 6, 889, 896, 645, 961
573-2728|1094|1923, 1094
574-622|677, 2549, 514|6, 889, 677, 676, 913, 102, 659, 274, 4, 5
575-4149|1094|1094, 107, 2145
576-4299|8, 2018, 237|8, 3613, 107, 225, 15
577-1016|271, 225, 812, 85, 247, 273, 6, 40, 266, 5, 717|349, 645, 941, 40, 926, 717, 6, 5, 225, 812
578-2082|582, 2822, 2823, 1074|582, 2823, 2822, 5, 206, 1074, 397, 64, 35, 171
579-1187|1094|1094, 45, 242, 254, 794, 469, 1556, 26, 52, 881
580-3910|1094|1094, 1434
581-2825|490|1923, 490, 29, 23
582-4354|1448, 2634|1448, 1773
583-1318|60, 224, 1130, 213, 2825, 357|1130, 2825, 213, 224, 357, 60, 1423, 3649, 655, 478
584-3472|462, 436, 213, 345|1265, 417, 436, 215, 357, 213, 313, 2824, 61, 2827
585-3920|184, 2649, 1059|184, 2649, 1059, 1420, 107, 264, 2645, 2648, 181, 2647
586-104|1240|47, 49, 143, 50, 117, 168, 45, 64, 94, 1314
587-3472|417|107, 1265, 417, 436
588-1811|519, 634, 64|1389, 519, 728, 498, 703, 1505, 1522, 1508, 466, 14
589-149|1030|1030, 49, 47, 65, 794, 45, 372, 52
590-2525|498, 2519|2519, 498, 457, 144, 29, 189, 188, 63, 1756, 378
591-1035|85, 45, 958, 808|1259, 377, 141, 68, 42, 45, 242, 15, 1953, 666
592-763|2831, 735, 554, 553|553, 735, 48, 2831, 988, 511, 659, 554, 712, 1271
593-149|794, 2094, 47|47, 2094, 49, 65, 794, 45, 372, 1030, 52, 79
594-3910|663|1094, 1434, 737, 85, 579, 254, 836, 835, 21, 2801
595-1788|1094|1094, 20, 65, 1114, 1507, 1505, 2835, 42, 2199, 48
596-3770|2609|2152, 2281, 2609, 2498, 2698, 2718, 2213
597-2033|715, 282, 253, 2607, 2116, 376|35, 282, 102, 2608, 388, 376, 382, 2116, 253, 242
598-1578|45, 114, 47, 49|49, 47, 2078, 45, 60, 50, 371, 14, 628, 667
599-242|489, 262|105, 163, 738, 1094, 262, 2684, 149, 14, 392, 582
600-1140|378, 1808, 43|582, 378, 94, 43, 64, 40, 192, 191, 2568, 2571
601-3930|1094|1094, 1389, 2114, 746, 23, 1212, 6
602-2597|128|1094, 965, 1356, 1923, 367, 538, 641, 898, 592, 361
603-388|484|484, 731, 717, 189, 735, 1676, 554, 482, 500, 1356
604-681|94, 335, 841, 1201|113, 1094, 335, 701, 6, 1775, 94, 14, 794, 47
605-4200|1358, 3028, 3029, 1943, 2002, 3030, 3031, 3032, 2857, 3033, 3034, 3035, 3036|3036, 3035, 3034, 3032, 3030, 3029, 3028, 1358, 3033, 3031
606-4282|1448, 595, 3059, 1943, 1599, 3022, 2982, 3606, 2634, 1598, 3038, 3024|3022, 1599, 3024, 2634, 1448, 3038, 2982, 3059, 1598, 1943
607-2131|3562, 354|354, 3562, 342, 446, 905
608-4268|2979, 3019, 1943, 3536, 3537, 3538|3019, 2979, 1943, 3538, 3537, 3536, 2903, 3021, 3020, 2980
609-4206|1448, 3059, 1943, 1599, 3022, 3025, 2634, 3024, 3060|3022, 3024, 1599, 2634, 1448, 3025, 3059, 1943, 3060, 3038
610-571|789|2582, 556, 129, 254, 124, 808, 369, 1422, 3608, 1360
611-3830|365, 149|188, 1037, 365, 149, 15, 411, 364, 2775, 3610, 3609
612-527|163, 395, 5|163, 395, 49, 105, 5, 171, 247, 79, 362, 197
613-124|29, 154, 144, 84|154, 40, 47, 49, 144, 1129, 188, 29, 65, 153
614-3883|3611, 376|3611, 376, 373, 280, 1687, 1672, 3612, 1569, 1391
615-1337|246|47, 246, 29, 403, 1450, 6, 49, 373, 113, 128
616-4299|107, 3613|107, 3613
617-4081|3616, 207|2782, 2781, 3614, 3615, 207, 2997, 1424, 206, 1464, 3616
618-750|1094|1094, 65, 738, 756, 14, 2784, 1854, 485, 2777, 2683
619-9|36|36, 48, 528, 2653, 2837, 2110, 24, 342, 963, 463
620-4156|213, 2790|213, 2790, 2827, 2826, 2824, 2665, 357, 313, 215
621-2750|1937, 360, 813|965, 1923, 1937, 2148, 15, 1959, 750, 340, 556, 2772
622-1758|683, 32, 880, 848|254, 880, 733, 917, 253, 117, 1461, 282, 45, 1130
623-398|644, 1667|1094, 2700, 552, 79, 482, 154, 40, 48, 582, 239
624-4081|3615|3615, 2782, 2781, 3614
625-1023|3633, 1001, 3634, 3617, 3618, 3619|3620, 3634, 3618, 3635, 3621, 3622, 3626, 2300, 3627, 3628
626-1000|79|79, 664, 929, 599, 1443, 1553, 895, 1900
627-793|432, 588, 589|206, 242, 163, 432, 14, 64, 774, 1418, 759, 588
628-4303|462, 2746|462, 2746, 2804, 224, 107, 2741, 2748, 2745, 2749, 181
629-697|1667|3612, 163, 576, 759, 72, 30, 32, 543
630-823|50, 47, 49|47, 49, 645, 50, 14, 48, 246, 13, 1100, 485
631-1943|3645|3645, 1591, 903, 905, 1087, 3644, 1088, 1060, 707
632-1353|14|14, 247, 50, 2213, 64, 1476, 254, 206, 5, 667
633-623|313, 189|313, 659, 78, 189, 567, 367, 2, 225, 812, 123
634-4310|1094|1094
635-3815|254|254, 124, 78, 1354, 42, 26, 179, 484, 500, 239
636-812|1095|207, 797, 141, 2608, 2614, 1104, 1372, 2610, 1026, 32
637-3931|154, 528|528, 1094, 2658, 3646, 14, 2110, 2837, 911, 914, 713
638-307|59, 92, 145|396, 419, 454, 446, 224, 107, 455, 280, 1130, 40
639-347|3648, 1714, 1100, 278, 2463|1100, 3648, 727, 1060, 147, 278, 480, 1714, 1094, 634
640-1505|59, 794, 114|47, 114, 794, 655, 213, 224, 3649, 1130, 2825, 372
641-3360|224, 1132, 1130, 213, 357, 221|1130, 213, 224, 357, 2825, 3649, 426, 478, 655, 221
642-620|45, 159, 160, 47, 49|49, 160, 159, 47, 45, 14, 254, 2518, 1899, 371
643-3360|224, 1130, 689, 213, 2825, 426|1130, 213, 224, 2825, 426, 357, 265, 689, 221, 1132
644-189|1181, 3653|3653, 29, 2501, 1776, 1181, 1199, 2213, 144, 40, 1129
645-330|79, 163, 1384, 1688, 1238|49, 79, 14, 47, 1083, 374, 205, 1691, 2, 320
646-2492|239, 378, 15|731, 582, 15, 2063, 1543, 32, 1290, 378, 94
647-2506|1040, 745, 156, 1808|745, 1673, 1147, 713, 1543, 1808, 1040, 3654, 82, 989
648-1944|1094|1094, 1173, 13, 645, 5, 970, 3694, 103, 6, 3692
649-2576|6, 13, 926, 676, 1684|1094, 2783, 676, 13, 1907, 1173, 154, 290, 201, 1174
650-1408|144, 1445, 2257|46, 2213, 1129, 1696, 136, 2503, 2502, 134, 63, 1589
651-777|889, 914, 6, 755|6, 746, 36, 890, 888, 889, 34, 616, 2630, 179
652-3908|224, 440, 85, 3656, 308, 528|2629, 1142, 107, 224, 440, 3656, 45, 452, 456, 434
653-770|3657, 1148|582, 64, 191, 3657, 1148, 498, 188, 721, 1815, 262
654-1023|2773, 1431, 540|3626, 23, 3640, 103, 3639, 811, 3620, 3635, 3634, 3627
655-973|517|517, 921, 353, 48, 2756, 1010, 702, 1765, 47, 246
656-837|298, 207, 237|207, 838, 806, 237, 65, 837, 298
657-1370|2097|1150, 3658, 2104, 2097, 906, 1404, 1410, 1916, 1149, 717
658-335|22|22, 984, 485, 127, 311, 277, 460, 67, 462, 459
659-22|2, 3, 638, 6, 77, 259|62, 357, 285, 303, 638, 2, 32, 6, 30, 553
660-115|3674|3674, 59, 49, 163, 181, 5, 47, 107, 395, 64
661-3886|1094|1094
662-342|154, 270, 108, 40, 425|708, 494, 425, 108, 40, 213, 206, 462, 47, 572
663-3802|560, 64, 26, 167, 1946|26, 64, 357, 462, 213, 1946, 167, 33, 560, 285
664-4328|107|107
665-4327|107|107
666-4328|1240|107
667-3807|2540, 41, 254, 2228, 138|41, 138, 42, 93, 45, 254, 555, 26, 179, 1363
668-4351|462, 213, 89, 357|357, 213, 2824, 89, 367, 2665, 462, 2826, 3676
669-4357|107, 2665, 41, 64, 26|107, 45, 138, 254, 41, 2665, 26, 186, 452, 2522
670-434|239|254, 573, 79, 1673, 745, 2213, 1129, 78, 998, 313
671-398|3677|3677, 552, 79, 482, 154, 40, 48, 582, 239, 1950
672-4351|462, 2824, 213, 89, 357|357, 213, 2824, 89, 367, 2665, 2826, 462, 3675, 3676
673-4339|45, 6, 570, 3681, 31, 3679, 3683|396, 3683, 3679, 3681, 570, 107, 3678, 422, 419, 1288
674-1853|1094|1094, 163, 638, 432, 582, 188, 29, 1129, 1912, 6
675-4315|3670, 3294|3670, 3294
676-4339|107, 45, 462, 6, 570, 3681, 31, 3679, 3683|3679, 3681, 107, 3683, 570, 142, 1179, 239, 3680, 2131
677-3319|1123, 1059, 820|1059, 820, 1123, 2150, 189, 582, 319
678-1057|32, 641, 30, 1128|641, 32, 378, 26, 1128, 189, 167, 30, 82, 482
679-1797|1094|1094, 1514, 1513, 1389, 2114, 1521, 189, 582, 319
680-1601|1094|1094, 1956, 1955, 1148, 1787, 1037, 48, 1656, 986, 1332
681-2333|142, 342, 848, 15|342, 920, 142, 24, 64, 532
682-4303|107|107, 2804, 2746, 462, 337, 3643, 3642
683-253|29, 277|5, 6, 278, 1023, 85, 29, 461, 277, 103, 49
684-4097|29, 2553, 620, 207, 2361|1094, 2361, 207, 620, 2553, 29, 2782, 2781
685-3835|1763, 207, 2612|207, 282, 35, 620, 806, 2553, 2361, 29, 3682
686-3937|107, 1807|1807, 2665, 107, 2774, 204, 64, 342, 156, 280
687-793|2114, 1389|1389, 2114, 163, 432, 759, 588, 357, 426, 213, 1130
688-4358|107, 3684|107, 154, 5, 6, 3684, 1430, 3680, 3681, 111, 645
689-4356|107, 2631, 2632|2664, 2632, 1379, 39, 2631, 107, 2629, 85
690-4330|107, 224, 6, 1158, 3685, 1580|107, 3678, 396, 224, 3685, 49, 48, 221, 1230, 1617
691-4347|107|174, 3689, 3687, 2148, 64, 699, 3688, 173, 3686
692-4348|341, 85, 1664, 279|174, 85, 279, 1664, 173, 341, 3687, 3688, 2148, 3689
693-9|36|815, 26, 463, 36, 24, 713, 963, 4, 354, 1389
694-1872|474|795, 63, 1548, 670, 735, 1094, 2830, 2831, 79
695-292|10, 12, 430, 26|254, 390, 26, 64, 430, 12, 2538, 10, 93, 431
696-4047|193, 1130, 221|1130, 3647, 213, 478, 224, 173, 26, 174, 357, 193
697-1944|1094|1094, 1173, 13, 645, 240, 5, 970, 3694, 103, 6
698-4334|107|107, 221, 49, 48, 224, 1230, 3678, 396
699-4148|107|1094, 107
700-4134|29, 338, 1211, 1192, 1193|338, 1193, 29, 189, 917, 898, 461, 3692, 239, 1192
701-3878|247, 1129|247, 1129, 5, 188, 14, 1060, 1862, 904, 385
702-242|3693, 239, 3692, 461, 14, 1534, 717, 189|105, 149, 14, 189, 3692, 717, 392, 1094, 582, 917
703-4358|107, 18, 6, 5, 1238|107, 31, 489, 85, 5, 395, 642, 3680
704-4358|107, 794, 18, 42, 5, 1238|107, 85, 2654, 1430, 570, 154, 3680, 31, 489, 559
705-4298|107|107, 3613
706-3810|2539, 188|113, 1037, 52, 2539, 794, 59, 32, 1316, 63, 408
707-4329|2665, 2826, 213, 357|213, 357, 2826, 462, 2665, 2824, 2827, 3675, 89, 367
708-4337|107, 101|107, 239, 142, 3680, 3678, 396
