0-3909|2, 3, 353, 335, 396|2213, 1129, 49, 6, 47, 107, 29, 45, 63, 144
1-570|45, 462, 280, 466, 634, 467, 40|107, 224, 280, 213, 462, 45, 64, 22, 357, 1130
2-174|73, 1254, 472|254, 469, 42, 313, 117, 26, 124, 306, 370, 170
3-5|459, 462, 460, 0, 22|22, 64, 21, 20, 107, 336, 473, 278, 332, 460
4-314|107, 462, 468, 40|107, 224, 213, 40, 45, 280, 462, 1130, 357, 49
5-1662|1886, 13|13, 49, 645, 241, 240, 47, 107, 5, 45, 568
6-124|409|14, 144, 29, 188, 1129, 85, 32, 6, 1094, 488
7-1889|695, 696, 52, 697|52, 1610, 2166, 2160, 2161, 2163, 2164, 50, 51, 107
8-430|698|111, 49, 336, 280, 122, 107, 68, 246, 47, 698
9-1016|247, 482, 704|40, 6, 5, 65, 554, 645, 700, 482, 247, 553
10-364|85, 102, 5, 6, 14, 760, 322, 761, 528, 771, 772, 529, 762|14, 5, 32, 6, 48, 107, 85, 475, 8, 281
11-7|8, 87, 25|1200, 44, 968, 5, 107, 6, 1040, 8, 188, 29
12-1238|775, 463|1094, 342, 26, 1111, 64, 24, 93, 254, 1455, 45
13-1438|14, 529|5, 130, 14, 6, 582, 1094, 85, 208, 32, 65
14-1262|616, 339, 354, 484, 820, 464|98, 1099, 354, 616, 237, 1631, 113, 116, 47, 221
15-1149|446, 47|47, 49, 446, 50, 342, 659, 35, 46, 905, 14
16-1490|1210|659, 239, 14, 898, 354, 149, 634, 342, 517, 903
17-69|784, 45, 785, 225, 254, 29, 778, 786, 787, 83, 788, 170, 372, 789, 791, 717, 128|47, 49, 254, 45, 128, 15, 94, 14, 124, 50
18-808|793, 128|582, 189, 717, 5, 6, 1094, 50, 85, 14, 2
19-1936|18, 79|79, 582, 63, 2, 189, 6, 62, 29, 965, 47
20-4116|1173, 189|247, 5, 735, 926, 6, 47, 645, 79, 40, 14
21-3508|957|35, 305, 106, 952, 6, 936, 935, 335, 1067, 111
22-109|6|6, 5, 645, 141, 1597, 1060, 418, 45, 207, 14
23-271|254, 42|254, 42, 29, 6, 26, 64, 124, 170, 144, 67
24-233|59, 369, 246, 370, 371, 376, 79, 372, 47, 373, 374, 375, 49|47, 49, 45, 50, 35, 246, 542, 171, 59, 372
25-3785|2094|247, 735, 800, 24, 189, 717, 926, 342, 239, 94
26-2493|963, 736|582, 189, 965, 319, 1094, 79, 47, 6, 732, 49
27-1057|1003, 641, 484, 655|48, 32, 91, 90, 1094, 82, 68, 84, 254, 189
28-726|730, 1031|5, 144, 29, 188, 47, 1129, 49, 163, 39, 1411
29-3911|107, 595, 2551|35, 47, 49, 6, 206, 335, 596, 418, 107, 715
30-870|869, 85, 596, 1035, 68|35, 49, 6, 68, 335, 1769, 596, 715, 1077, 595
31-484|1040, 611, 602|1200, 5, 968, 6, 645, 44, 1060, 1040, 14, 2584
32-1209|141, 247|14, 247, 246, 5, 107, 122, 171, 26, 6, 1094
33-857|793, 857|85, 14, 402, 47, 103, 1079, 49, 649, 298, 68
34-1904|242, 863, 23|47, 228, 50, 49, 1610, 68, 863, 242, 85, 851
35-1232|367, 308|85, 103, 298, 402, 6, 1079, 1597, 649, 141, 418
36-217|355, 122, 246, 35, 356, 357|1912, 122, 107, 49, 2767, 106, 117, 85, 60, 111
37-2082|721, 206, 397, 5|206, 163, 254, 5, 105, 171, 553, 582, 583, 1667
38-1542|305, 522|305, 815, 106, 952, 936, 1068, 445, 1067, 1064, 1065
39-1187|863, 91|91, 45, 52, 90, 93, 68, 1005, 2574, 254, 189
40-722|1085, 1101, 707|13, 1094, 2676, 707, 14, 47, 1085, 49, 230, 241
41-656|282, 353|35, 107, 5, 6, 8, 14, 282, 39, 281, 85
42-2087|107, 1121, 542, 47, 5, 49|49, 47, 800, 542, 94, 1117, 5, 2, 35, 702
43-2472|715, 1835, 806, 1837|39, 206, 47, 49, 35, 242, 282, 32, 207, 45
44-1985|654|14, 6, 85, 3692, 717, 5, 35, 970, 32, 45
45-1770|247, 1060, 939|206, 1060, 247, 5, 14, 35, 409, 1139, 572, 939
46-801|582, 1183|582, 1183, 2568, 189, 965, 319, 1094, 1145, 206, 2572
47-212|343, 348, 85, 154, 2567, 1185, 147, 970, 64, 422, 296, 1190, 22|117, 22, 142, 342, 341, 64, 2752, 47, 21, 306
48-233|47, 353|47, 49, 45, 50, 35, 246, 542, 171, 59, 372
49-1422|172, 672, 4, 5|5, 6, 970, 645, 1096, 1185, 4, 1240, 1060, 122
50-526|247, 621|14, 49, 47, 5, 247, 6, 107, 3692, 85, 22
51-602|1197|47, 49, 246, 542, 423, 50, 1218, 1069, 703, 5
52-4083|2553, 467|2782, 2781, 3615, 3614, 35, 207, 39, 2002, 3122, 242
53-14|114, 1200, 609, 49|47, 49, 1200, 45, 46, 246, 48, 50, 94, 247
54-83|567|49, 47, 45, 126, 6, 29, 2100, 35, 144, 618
55-1289|141, 45, 733, 242, 167|68, 35, 79, 39, 42, 342, 141, 2, 6, 45
56-653|14, 22|22, 64, 79, 21, 5, 20, 107, 6, 14, 40
57-1477|1202|1923, 965, 1932, 179, 655, 2172, 72, 32, 556, 500
58-1189|1077, 282, 342, 45, 32|39, 35, 206, 282, 2676, 242, 207, 32, 6, 45
59-109|645|645, 5, 14, 6, 13, 1060, 247, 2213, 1173, 246
60-2661|179|1923, 965, 254, 1932, 2172, 124, 903, 517, 354, 128
61-1222|707, 217, 1893, 1102, 110|5, 645, 14, 6, 13, 64, 1060, 920, 342, 177
62-2076|117, 107, 83, 79, 47, 68, 49|47, 49, 163, 246, 45, 50, 542, 171, 5, 254
63-3503|1053|353, 29, 517, 179, 655, 72, 113, 1053, 354, 32
64-1866|898, 706, 1543, 717|795, 796, 717, 79, 1241, 40, 47, 113, 128, 65
65-1542|1068, 305, 936|815, 1183, 305, 2568, 106, 952, 776, 445, 936, 1068
66-361|61, 1689|47, 49, 2213, 45, 63, 2, 72, 14, 62, 26
67-456|79, 84, 278|14, 79, 22, 32, 113, 64, 795, 1090, 21, 497
68-632|106, 305, 936|815, 305, 106, 952, 936, 1068, 445, 1067, 1064, 1065
69-407|50, 51, 487, 1074, 5|189, 52, 582, 319, 64, 254, 191, 50, 51, 40
70-3875|239, 249, 14, 1678|47, 49, 305, 106, 952, 936, 935, 111, 1068, 445
71-607|62, 1266, 560, 1268, 311|14, 965, 2173, 2174, 32, 2, 6, 85, 560, 106
72-1370|271, 1274, 225, 963, 812, 500, 273, 1150, 1181|14, 717, 85, 189, 32, 1094, 582, 6, 5, 319
73-1966|1285, 1281, 1284, 1280, 1283, 396|107, 3613, 396, 2230, 3678, 1776, 254, 2393, 419, 1283
74-4039|1286|2741, 1808, 163, 181, 2745, 2748, 2749, 2746, 2531, 1870
75-2467|1368, 1588, 1292, 1294|371, 107, 6, 582, 1293, 1833, 1289, 1294, 746, 1292
76-918|687|266, 342, 371, 903, 310, 1293, 1289, 2518, 6, 577
77-3340|426, 388, 1332, 553|48, 32, 1094, 49, 2, 47, 30, 84, 188, 553
78-984|1207, 768, 85, 198|13, 5, 6, 645, 241, 240, 14, 52, 29, 1060
79-381|117, 79, 213, 357, 457|79, 213, 84, 357, 347, 113, 40, 224, 1130, 462
80-1028|41, 39, 5, 6|39, 5, 45, 6, 206, 35, 50, 93, 26, 242
81-1527|141, 45, 254, 1426|68, 79, 141, 42, 45, 26, 93, 72, 6, 64
82-110|50, 51, 52, 175|52, 14, 49, 50, 47, 51, 795, 396, 794, 645
83-1105|1339, 1337, 1023, 13|5, 13, 6, 14, 645, 1060, 245, 241, 1891, 240
84-1475|1341, 188, 22|22, 64, 21, 20, 6, 582, 5, 40, 189, 965
85-2443|1811, 582, 703, 655, 1534|64, 79, 177, 920, 582, 108, 645, 425, 14, 29
86-268|49|47, 49, 2, 188, 6, 63, 5, 475, 62, 29
87-1641|254, 604, 556, 1219, 26, 42, 1259, 124|254, 124, 170, 26, 45, 1259, 67, 377, 42, 142
88-323|65, 84, 40|40, 79, 65, 6, 32, 154, 84, 48, 644, 113
89-2531|498|14, 98, 1099, 247, 113, 616, 246, 237, 354, 116
90-3948|239, 324, 855|965, 254, 1094, 2179, 208, 1353, 2172, 124, 45, 106
91-427|106, 1077, 1060, 1201|47, 49, 5, 35, 14, 645, 6, 246, 171, 1060
92-3302|1240|965, 1094, 342, 2179, 1389, 2114, 2172, 2175, 98, 142
93-1744|354|60, 29, 189, 6, 717, 1094, 64, 85, 144, 582
94-3884|117, 2, 1392, 6, 1393, 1212, 756, 5, 660, 746|1356, 1923, 965, 1933, 14, 32, 206, 423, 1094, 659
95-1145|6, 1099, 5, 418|645, 5, 6, 47, 49, 35, 14, 13, 1060, 1173
96-3948|401, 298, 239, 103, 85, 962, 2977|965, 1094, 207, 298, 2179, 1836, 620, 2172, 835, 1838
97-388|30, 32|14, 32, 85, 717, 6, 189, 65, 1094, 40, 1631
98-780|247, 1397, 645, 14|645, 2100, 5, 6, 618, 1397, 3692, 13, 717, 970
99-1953|1398|98, 1099, 616, 354, 237, 113, 116, 6, 141, 1597
100-1424|1401, 323, 5, 6|5, 6, 14, 130, 22, 645, 1060, 1094, 64, 85
101-2402|181|52, 50, 51, 794, 795, 106, 113, 117, 79, 281
102-2027|1416, 60, 774, 206, 1419, 1413|39, 5, 206, 35, 242, 1411, 47, 130, 282, 1017
103-2015|342, 38|35, 253, 254, 38, 388, 45, 1606, 39, 1608, 22
104-804|748, 1437, 339|970, 1096, 1435, 122, 1185, 1696, 6, 454, 4, 1077
105-3882|1440, 107|3692, 717, 970, 6, 98, 461, 14, 5, 470, 746
106-460|432, 588, 589|179, 72, 655, 582, 189, 29, 965, 5, 319, 32
107-2486|1448, 1762|47, 49, 858, 1434, 177, 638, 1453, 45, 1129, 688
108-1282|565|342, 128, 52, 15, 634, 50, 29, 51, 142, 791
109-1210|1080, 107, 952, 1462, 1091, 14, 1460, 1466, 1092, 1067|85, 2676, 402, 1079, 103, 1085, 649, 282, 298, 952
110-804|1469|583, 1667, 1676, 553, 582, 1862, 171, 1435, 1869, 881
111-1360|1580, 1144|1060, 5, 14, 645, 6, 13, 1854, 1173, 1471, 968
112-1541|137, 2, 935, 1475, 6, 305, 111, 98, 936|305, 935, 936, 106, 111, 952, 2, 1068, 172, 445
113-3331|231, 14, 898|14, 247, 47, 49, 5, 1094, 254, 85, 45, 79
114-816|340, 810, 32|128, 179, 634, 903, 517, 29, 340, 60, 72, 906
115-934|1510|1492, 189, 1478, 582, 717, 1094, 1514, 1489, 319, 1486
116-971|903|266, 342, 903, 98, 310, 470, 466, 24, 746, 68
117-1597|114, 188, 47, 49|47, 49, 45, 50, 79, 2, 246, 14, 171, 542
118-845|845|47, 49, 50, 68, 851, 242, 142, 542, 128, 879
119-407|1797, 52, 557, 5|1129, 52, 64, 50, 191, 47, 51, 49, 40, 1915
120-1583|1526, 133|47, 49, 396, 2, 29, 6, 98, 144, 1099, 800
121-1571|64, 6|47, 49, 107, 5, 22, 14, 6, 903, 8, 517
122-205|21, 64, 155|22, 64, 14, 21, 20, 60, 85, 6, 29, 336
123-850|50, 142, 14|14, 2778, 142, 2779, 2780, 103, 47, 1174, 49, 147
124-639|59, 499, 49|47, 49, 50, 14, 6, 512, 499, 45, 68, 1139
125-1873|1900, 63, 32, 26|965, 79, 48, 63, 32, 2, 62, 40, 1094, 113
126-719|241, 13, 1060|13, 1060, 14, 5, 241, 240, 645, 1854, 6, 568
127-4161|1037, 1267, 1032|163, 2782, 2781, 1540, 582, 105, 5, 553, 554, 1094
128-256|725|14, 22, 47, 247, 49, 64, 21, 20, 246, 171
129-615|673|2100, 673, 618, 1300, 1397, 895, 764, 706, 567, 1667
130-948|903, 266|266, 342, 903, 310, 2213, 517, 577, 354, 902, 787
131-385|94, 419|79, 47, 49, 84, 45, 14, 94, 347, 1808, 50
132-3564|107, 1557, 1564, 1099, 498, 1566|498, 47, 94, 776, 863, 649, 2166, 246, 181, 5
133-1914|835, 2801|117, 207, 835, 298, 39, 282, 620, 1836, 341, 1838
134-1255|1547, 1347|98, 1389, 78, 2114, 237, 466, 313, 470, 1099, 208
135-938|915|117, 903, 1356, 517, 128, 634, 64, 341, 60, 2752
136-1421|1582, 645, 939|5, 6, 206, 14, 47, 50, 2777, 645, 3692, 49
137-1188|93|26, 64, 93, 45, 254, 42, 5, 47, 41, 6
138-396|29, 337, 313|29, 644, 409, 6, 189, 717, 1145, 179, 40, 85
139-4302|3642, 1352, 3643|645, 107, 224, 213, 280, 462, 1130, 357, 45, 40
140-448|49, 1050, 1382, 79, 388|47, 49, 79, 45, 50, 5, 14, 59, 171, 246
141-1193|1595|14, 68, 247, 246, 79, 206, 141, 85, 42, 171
142-4054|282, 620, 2621, 2607, 1942, 1157|35, 68, 39, 242, 206, 141, 79, 253, 1448, 3022
143-4352|8, 685|254, 124, 45, 170, 1259, 67, 377, 239, 808, 1354
144-1147|774, 206|39, 228, 206, 35, 2803, 2809, 242, 1610, 2805, 863
145-1023|72, 1406, 98, 221|79, 5, 6, 32, 706, 48, 764, 40, 113, 65
146-1546|1283|1970, 1983, 2230, 1283, 367, 2393, 32, 1988, 1129, 1280
147-1517|208|208, 1353, 52, 1389, 174, 78, 50, 2114, 51, 795
148-1704|112, 14|14, 645, 6, 5, 79, 32, 85, 1060, 65, 717
149-1777|29, 85|5, 107, 645, 6, 1060, 14, 13, 35, 970, 968
150-804|45|35, 1435, 68, 6, 970, 39, 1096, 29, 242, 2757
151-3508|1613, 1604, 85, 649, 402, 35, 103|35, 6, 14, 13, 85, 335, 254, 5, 596, 418
152-2028|1606, 466, 1610, 1608, 1029|1606, 228, 1608, 253, 35, 1610, 1425, 1613, 863, 45
153-435|2151, 47, 68|47, 49, 40, 46, 35, 48, 64, 94, 246, 191
154-3457|107, 1606, 253, 1608, 1425|1606, 1608, 85, 1425, 45, 228, 253, 402, 103, 1079
155-525|107, 1631, 1090, 47, 49|47, 14, 49, 1631, 32, 1090, 79, 45, 113, 497
156-1344|1649, 135, 47|47, 49, 1640, 32, 791, 1645, 1637, 542, 113, 50
157-66|123, 311, 20, 366, 278, 21, 64, 127, 124, 22|22, 64, 21, 20, 5, 85, 278, 6, 254, 291
158-2044|6|14, 247, 29, 6, 144, 85, 1094, 5, 64, 128
159-2094|193, 1717, 177|858, 14, 177, 638, 6, 1434, 254, 645, 29, 17
160-1607|188, 189|79, 188, 144, 29, 5, 2, 6, 1129, 32, 206
161-1285|335|254, 45, 26, 124, 93, 170, 1259, 67, 377, 369
162-222|85, 726, 14, 361|14, 130, 254, 1094, 5, 189, 6, 717, 247, 85
163-1921|341, 154, 1665, 40, 344|6, 2, 117, 208, 1353, 5, 40, 800, 174, 217
164-1384|485, 206, 1666, 105, 1236|206, 5, 572, 39, 1901, 939, 397, 6, 1266, 223
165-3566|128|2100, 618, 1397, 189, 717, 764, 706, 1667, 567, 1300
166-829|803|353, 517, 6, 141, 1597, 418, 45, 29, 113, 207
167-3875|239, 249, 14, 1678, 936|47, 49, 409, 1145, 644, 645, 542, 50, 246, 79
168-156|171, 94, 41, 206, 1706|206, 1698, 542, 1682, 5, 2213, 49, 939, 94, 572
169-1216|1714, 1081, 1713, 1466|2676, 1085, 1079, 85, 402, 282, 952, 1158, 103, 1080
170-1097|715, 852, 39, 206, 645, 1715, 1252, 5|206, 815, 5, 39, 2676, 952, 645, 776, 106, 305
171-868|400, 1621, 47|47, 49, 46, 52, 48, 45, 246, 498, 94, 5
172-168|6, 5|5, 6, 14, 645, 13, 1060, 342, 247, 1094, 245
173-471|546|49, 45, 126, 47, 546, 94, 542, 14, 523, 522
174-2369|142, 342|342, 142, 631, 776, 1111, 266, 1455, 815, 1275, 24
175-2378|1755, 1751, 1347|1389, 1970, 2114, 1620, 1976, 1347, 768, 1751, 2778, 2779
176-2343|239, 659|342, 659, 239, 898, 631, 142, 1111, 354, 149, 776
177-2182|1111, 1757|1111, 342, 1455, 1530, 2100, 631, 142, 1749, 776, 266
178-2362|1755, 1761|1970, 1620, 1976, 14, 1347, 768, 85, 32, 1751, 6
179-3319|810, 582|582, 1631, 189, 965, 319, 1094, 732, 32, 94, 781
180-3819|1590, 976|107, 3613, 1434, 396, 1453, 1435, 596, 3678, 2574, 142
181-890|50, 228, 713, 879, 887, 1426|228, 1610, 50, 863, 2100, 68, 242, 14, 342, 1606
182-2412|354, 1099, 237|49, 1099, 98, 1769, 237, 616, 113, 354, 1077, 116
183-895|659, 1787|582, 142, 342, 48, 32, 94, 732, 1094, 84, 735
184-4352|1790|52, 469, 1240, 117, 313, 14, 1822, 501, 47, 2008
185-2394|107, 595, 869, 1791, 2296, 455, 843, 1036, 47|35, 107, 596, 6, 49, 335, 595, 47, 715, 418
186-1891|246|47, 49, 52, 59, 794, 207, 14, 298, 46, 246
187-651|52, 308|52, 50, 47, 51, 795, 49, 501, 14, 794, 1240
188-2059|764, 1267, 567, 1800, 1801, 1667, 706|2100, 764, 706, 618, 1397, 567, 1667, 1671, 1300, 1670
189-2425|239, 446, 1789, 1210|342, 85, 103, 659, 402, 354, 1079, 649, 446, 298
190-135|62, 1762, 638, 409|63, 49, 62, 47, 2, 213, 107, 254, 408, 45
191-161|1803, 781, 217, 240, 241, 13, 54|13, 241, 240, 47, 5, 49, 6, 568, 645, 245
192-551|206|206, 47, 49, 5, 163, 35, 39, 939, 171, 572
193-4159|1558|498, 228, 47, 85, 649, 94, 103, 35, 863, 1610
194-29|141, 79, 1808, 42|68, 79, 1808, 42, 1813, 141, 254, 1807, 45, 72
195-3532|141|68, 141, 45, 6, 1597, 79, 418, 42, 72, 207
196-2459|1821, 1207, 1820|52, 50, 501, 795, 51, 1240, 1822, 2008, 794, 47
197-1968|52|52, 50, 51, 795, 501, 1240, 47, 1822, 794, 2008
198-4353|117, 306, 971, 84, 64|469, 117, 313, 47, 49, 370, 306, 1797, 1697, 14
199-4353|214, 971, 405, 84, 64|47, 49, 45, 5, 50, 14, 6, 59, 2, 469
200-245|120, 88, 140|371, 107, 122, 49, 1293, 106, 117, 6, 1289, 2518
201-1561|1833, 550, 1298, 1294|371, 6, 107, 1293, 1833, 1289, 1294, 746, 1292, 1297
202-4354|1434, 1590, 836, 2634|35, 207, 298, 1836, 620, 282, 835, 1838, 401, 39
203-1989|45, 342, 35, 654, 2382, 68|35, 253, 39, 38, 388, 1606, 1608, 242, 298, 37
204-2488|1448, 1845|1434, 858, 1453, 1435, 177, 1448, 638, 596, 1766, 1845
205-3599|1450, 113|2213, 1434, 1453, 596, 1435, 353, 858, 29, 1447, 1129
206-758|378, 1808, 582|582, 717, 189, 1808, 1094, 163, 85, 732, 319, 239
207-17|14, 49|47, 49, 14, 45, 50, 5, 247, 246, 59, 6
208-2486|1344|14, 47, 858, 49, 1434, 177, 638, 1453, 688, 1448
209-2055|64, 596, 29, 858, 335, 64, 250, 64|2213, 79, 29, 6, 64, 144, 1776, 2235, 1915, 1129
210-341|50, 51, 493|52, 50, 51, 795, 794, 29, 106, 113, 1540, 117
211-234|377, 378, 254, 1854|254, 124, 26, 42, 45, 170, 1060, 67, 1259, 377
212-3889|1828, 1129, 1855, 149|707, 1094, 230, 898, 231, 475, 906, 14, 117, 149
213-1773|254|254, 469, 124, 26, 42, 313, 117, 170, 45, 67
214-3122|669|254, 965, 1356, 582, 1094, 1923, 124, 189, 319, 45
215-2983|732, 582, 1862, 470|965, 1094, 583, 1667, 582, 1676, 553, 2179, 171, 1862
216-1461|1554, 666, 556, 32, 365, 1043, 632|107, 582, 553, 554, 49, 1183, 583, 5, 1094, 31
217-1601|48, 1667|48, 32, 1808, 163, 1094, 553, 1870, 84, 2531, 1849
218-2398|1077, 219, 114, 1769, 47, 49|47, 49, 92, 114, 45, 1769, 35, 1077, 143, 219
219-404|963, 1878, 404|5, 6, 50, 2, 645, 107, 40, 51, 188, 22
220-4160|654, 1881, 1447|107, 224, 213, 1915, 280, 462, 1130, 357, 2244, 45
221-3329|1884, 1650, 1173|14, 645, 5, 247, 6, 246, 354, 485, 13, 171
222-3880|153, 11|1448, 1943, 3022, 1599, 206, 2634, 1060, 47, 3024, 49
223-1421|1892, 6, 939, 5|13, 5, 6, 206, 14, 241, 245, 1891, 240, 85
224-3574|935, 60, 68, 1897, 91|254, 14, 45, 246, 247, 107, 93, 122, 26, 106
225-3837|1939, 94|254, 35, 45, 49, 126, 47, 39, 253, 124, 388
226-694|638, 3610, 3609|659, 239, 107, 213, 898, 357, 49, 149, 354, 45
227-61|60, 29, 1898, 372|47, 49, 60, 1912, 79, 29, 50, 45, 6, 542
228-3876|1930, 436, 46|645, 63, 62, 2, 408, 638, 206, 6, 13, 188
229-2082|206, 5|206, 163, 254, 26, 5, 45, 105, 93, 64, 68
230-3530|1270|6, 206, 5, 342, 189, 1389, 446, 2114, 78, 141
231-1467|794, 1196, 38, 47|47, 49, 59, 52, 45, 794, 372, 50, 14, 94
232-156|711, 206, 40, 397, 5|206, 5, 572, 39, 1901, 397, 1266, 2213, 1032, 223
233-2582|1909|14, 32, 91, 90, 1090, 497, 113, 68, 1005, 2574
234-65|122, 600, 2513, 54|206, 122, 107, 49, 106, 117, 5, 111, 39, 280
235-1402|939|206, 117, 49, 5, 47, 94, 546, 107, 14, 542
236-4352|685, 713, 1914|1912, 2767, 1129, 79, 60, 93, 85, 1040, 1093, 2756
237-1644|370|47, 49, 179, 655, 128, 94, 32, 72, 556, 171
238-1778|707, 1472, 1917|1060, 14, 5, 6, 645, 1854, 707, 13, 1094, 1173
239-347|14|14, 247, 5, 85, 1094, 6, 32, 65, 266, 554
240-1560|889, 6, 5|5, 6, 342, 254, 582, 645, 64, 1389, 50, 78
241-640|50, 85, 39, 103|14, 39, 5, 342, 6, 659, 206, 645, 32, 35
242-2821|1933|965, 1923, 1932, 2172, 1356, 1933, 2185, 946, 189, 29
243-116|342, 1629|1060, 60, 26, 64, 93, 1129, 14, 254, 35, 1854
244-3822|736|815, 371, 776, 106, 305, 1293, 952, 1289, 2518, 6
245-3312|1940, 1942, 654, 1938|2213, 72, 179, 655, 35, 32, 556, 171, 214, 6
246-3311|1940, 1941, 179, 1938|2213, 72, 179, 655, 556, 32, 171, 500, 254, 214
247-3310|179, 1938|2213, 72, 1943, 179, 214, 113, 655, 1810, 2427, 171
248-3267|32, 32, 824, 824, 1934, 1936, 1935|1356, 1631, 1923, 965, 32, 781, 659, 1933, 1632, 1090
249-4160|2061, 466, 449|47, 49, 107, 45, 224, 213, 280, 462, 1130, 357
250-2933|965|965, 1923, 1094, 2179, 1356, 2172, 1932, 2175, 2176, 2181
251-1625|590|582, 189, 965, 319, 1094, 14, 6, 5, 776, 107
252-1531|335|254, 26, 124, 45, 42, 582, 93, 189, 64, 68
253-781|713, 1799|107, 6, 63, 1427, 45, 746, 42, 36, 1833, 889
254-1498|319, 582, 189|189, 582, 319, 64, 920, 177, 108, 2213, 425, 110
255-751|240|1060, 117, 163, 13, 254, 14, 5, 105, 1854, 341
256-1790|1957, 1956|64, 968, 191, 40, 192, 5, 220, 1601, 48, 32
257-2473|3500, 35, 3622|39, 35, 965, 206, 242, 207, 282, 32, 620, 298
258-3448|2056, 2057, 1971, 2029|1970, 2029, 1983, 2026, 1976, 2025, 1620, 1971, 2036, 2028
259-3430|1971, 2012|1620, 1971, 654, 1943, 2008, 3018, 1431, 2006, 3670, 920
260-3370|1969, 1970|1970, 1620, 1976, 1983, 1347, 768, 1969, 1751, 2029, 1982
261-661|85, 32, 1988|1970, 1983, 85, 402, 1079, 103, 1976, 649, 1620, 298
262-3787|98|1808, 163, 2531, 1870, 1849, 14, 228, 105, 668, 738
263-837|32, 237|1970, 1983, 6, 141, 98, 1597, 1099, 32, 45, 367
264-3427|179|1970, 1983, 14, 32, 367, 85, 179, 6, 1988, 5
265-3357|1864|64, 40, 191, 192, 280, 1864, 204, 224, 5, 462
266-1434|107|1094, 965, 107, 14, 224, 47, 213, 45, 280, 1130
267-1416|2077, 14|14, 247, 47, 49, 2777, 1094, 94, 1556, 5, 644
268-169|369|254, 45, 26, 124, 93, 42, 170, 68, 67, 1259
269-1629|154|1970, 1620, 1976, 1347, 768, 1389, 2114, 1751, 13, 1969
270-1517|794, 198, 1420, 1697|52, 29, 6, 78, 1389, 50, 2114, 144, 51, 795
271-3476|2080|1808, 2931, 1813, 1943, 1807, 212, 1809, 213, 357, 2857
272-3474|2082, 2080|1808, 1813, 198, 2213, 1807, 1809, 1420, 357, 52, 303
273-3474|2082, 2080|1808, 1813, 198, 2213, 1807, 1809, 1420, 357, 52, 303
274-234|469, 2083, 42|254, 469, 313, 117, 42, 26, 306, 370, 124, 1797
275-2803|248, 1710, 1747|1923, 965, 254, 1932, 124, 2172, 45, 170, 1259, 179
276-3476|198, 2080|645, 2931, 1808, 1943, 212, 1813, 1807, 2857, 2982, 1809
277-269|6, 5|5, 6, 50, 49, 107, 2, 22, 51, 47, 188
278-2406|595, 35|35, 49, 45, 126, 47, 596, 6, 2213, 1434, 595
279-276|106, 62, 107, 410, 2, 4, 122, 408, 523, 188, 477, 49|49, 47, 107, 63, 62, 2, 45, 122, 188, 52
280-1381|208, 2469|47, 49, 3615, 3614, 46, 48, 372, 246, 94, 254
281-1857|175|52, 50, 51, 795, 794, 47, 501, 796, 113, 1540
282-2575|188|3615, 3614, 144, 29, 188, 1129, 372, 488, 1094, 2213
283-490|87|469, 117, 5, 313, 1060, 45, 645, 6, 306, 370
284-1721|29, 1009, 254|254, 45, 179, 2213, 26, 93, 655, 72, 64, 29
285-3312|1450, 35, 1942, 654, 1394, 2850|2213, 2100, 618, 1397, 35, 72, 764, 706, 1667, 567
286-3817|596, 46, 2542|47, 49, 46, 1129, 970, 246, 48, 1096, 94, 498
287-533|45|47, 49, 45, 126, 50, 14, 59, 171, 246, 5
288-1508|826|800, 94, 353, 49, 517, 1117, 826, 783, 542, 2
289-3470|1761|1970, 14, 1620, 1976, 1347, 85, 32, 768, 1751, 6
290-1966|117, 2107, 1281, 2108, 1283|107, 3613, 2230, 2393, 1283, 1129, 396, 106, 117, 3678
291-2069|172, 45, 29, 463, 683, 1347, 1059, 73, 103, 179, 5|1060, 181, 305, 6, 935, 645, 29, 13, 107, 14
292-2090|1420|63, 198, 45, 1427, 39, 206, 42, 293, 2213, 1420
293-1788|1114|342, 659, 1389, 78, 2114, 354, 446, 14, 103, 266
294-3459|35, 1366, 5|35, 6, 335, 596, 715, 418, 595, 1606, 1597, 47
295-1805|2, 79, 113|582, 79, 189, 319, 965, 1094, 29, 2, 6, 113
296-3874|359|49, 47, 2, 246, 423, 800, 1218, 1069, 703, 542
297-2432|1457, 3, 57, 15, 1747|446, 342, 659, 905, 354, 189, 15, 485, 55, 1270
298-110|1094|52, 800, 50, 51, 94, 795, 113, 794, 49, 1117
299-3855|2117, 304|1610, 228, 2166, 2160, 2161, 2163, 2164, 863, 2117, 304
300-1297|902, 217, 2118, 2119, 32|2, 800, 6, 217, 29, 94, 2612, 220, 1601, 1117
301-1319|1277|582, 189, 965, 319, 1094, 2, 188, 79, 29, 6
302-71|1631|1631, 130, 47, 49, 5, 32, 6, 1094, 781, 1632
303-2063|659, 313, 660|1923, 14, 965, 32, 85, 706, 469, 764, 79, 6
304-3873|171, 2096|1389, 78, 2114, 98, 313, 573, 470, 466, 648, 1094
305-3531|2132, 2133, 179|179, 72, 655, 29, 243, 32, 340, 23, 556, 1740
306-1061|239, 999, 582, 1000, 813|582, 189, 965, 319, 254, 1094, 47, 49, 94, 45
307-3229|110|965, 1094, 3692, 717, 189, 5, 2179, 6, 970, 2172
308-4353|2, 971|47, 5, 49, 6, 14, 254, 50, 45, 2, 51
309-2101|64, 1111, 142, 342, 1724|342, 142, 1111, 631, 22, 1455, 776, 64, 20, 21
310-878|247|208, 1353, 85, 5, 2, 6, 174, 402, 103, 173
311-3808|93|26, 1094, 64, 93, 254, 35, 45, 42, 41, 138
312-3504|206, 2146|206, 1620, 47, 92, 5, 114, 1971, 572, 939, 39
313-3801|1946|26, 64, 93, 45, 254, 42, 41, 138, 68, 48
314-1682|49|35, 6, 335, 47, 49, 596, 29, 418, 715, 595
315-502|1145|14, 32, 1090, 85, 65, 497, 113, 6, 1698, 5
316-2512|1009, 1620|64, 191, 40, 192, 1620, 5, 1864, 1971, 2568, 487
317-2023|2117, 304|1610, 228, 863, 2166, 1606, 2160, 2161, 2163, 2164, 1608
318-1915|469, 436, 2151|396, 117, 512, 419, 499, 6, 422, 676, 1139, 2523
319-1100|906, 527|2213, 1129, 903, 517, 128, 634, 60, 6, 906, 902
320-806|801|353, 517, 141, 6, 1597, 418, 50, 45, 29, 113
321-1952|1597|35, 6, 1597, 418, 141, 335, 45, 596, 207, 715
322-187|1094|1094, 106, 264, 5, 101, 102, 118, 186, 52, 6
323-2058|195, 1664|14, 47, 49, 247, 5, 45, 130, 1094, 1606, 6
324-1943|905|266, 342, 2100, 618, 1397, 764, 903, 189, 706, 1667
325-65|2513|122, 107, 49, 14, 246, 106, 117, 111, 247, 582
326-810|826|800, 353, 94, 517, 49, 826, 1117, 783, 113, 29
327-2520|93|45, 26, 93, 64, 254, 68, 42, 79, 469, 252
328-4159|102, 2160, 2161, 2164|1610, 2166, 2160, 2161, 2163, 2164, 228, 85, 2117, 2159
329-2868|2172|965, 2172, 2179, 1094, 2173, 2174, 2175, 2176, 2181, 2186
330-1673|645, 978, 14|5, 645, 6, 14, 1060, 13, 409, 1434, 1145, 968
331-428|50, 126, 511, 246|49, 47, 45, 126, 122, 107, 35, 106, 117, 50
332-388|32, 717|14, 6, 717, 5, 189, 32, 1094, 247, 85, 40
333-68|125, 122, 22|22, 107, 122, 49, 64, 21, 20, 5, 106, 117
334-2481|402, 38|1606, 1608, 253, 1425, 1613, 45, 35, 1423, 228, 38
335-3579|79|68, 79, 42, 141, 72, 45, 26, 254, 93, 52
336-3547|1610, 1029|1610, 228, 2166, 2160, 2161, 2163, 2164, 863, 2117, 304
337-2361|1752, 768, 1755, 1751, 2200, 1347|1389, 2114, 1970, 1620, 1976, 1347, 1751, 768, 2778, 2779
338-3578|1610, 2201|1610, 228, 2166, 2160, 2161, 2163, 2164, 863, 2117, 304
339-26|1161|1060, 130, 5, 645, 6, 1139, 35, 247, 1094, 717
340-2829|2311|1923, 965, 228, 2803, 2809, 1610, 2805, 863, 1932, 2172
341-119|50, 128, 713, 47|47, 49, 14, 128, 85, 50, 542, 32, 5, 246
342-420|2206, 48, 65, 84|48, 32, 47, 49, 40, 64, 84, 1094, 45, 553
343-1023|2211|14, 207, 298, 706, 764, 1836, 1199, 620, 1838, 835
344-1832|228, 2212|228, 1610, 863, 2803, 2809, 2805, 1394, 1046, 1606, 1620
345-3663|2213, 335, 301, 158, 1129, 654|2213, 198, 1420, 29, 6, 2393, 1334, 144, 64, 2344
346-3612|2213, 574, 2068|2213, 1129, 29, 6, 144, 2, 52, 63, 1776, 2215
347-3588|2213, 2238, 501|2213, 1129, 63, 29, 6, 52, 1915, 144, 2238, 2215
348-3645|29, 144|2213, 1129, 228, 29, 1915, 144, 188, 1610, 2244, 863
349-3708|2362, 2213, 2363, 2364, 2365, 2366, 2353|2213, 48, 1032, 1129, 488, 2230, 1776, 2244, 2231, 1882
350-3765|67, 2213, 1359, 1141, 23|2213, 1129, 254, 72, 1915, 42, 64, 26, 29, 124
351-3692|2213, 1229, 2235|2213, 1776, 2235, 48, 364, 1915, 1129, 1032, 1659, 1229
352-911|505, 902, 903, 266|266, 342, 13, 903, 310, 5, 6, 14, 241, 245
353-3628|1915, 2213, 512, 2466, 2126|2213, 1129, 6, 512, 499, 29, 1139, 676, 144, 1915
354-3679|2213, 1084, 548|2213, 48, 1129, 1032, 1776, 582, 29, 553, 554, 2235
355-3662|2492, 2459, 2213|2213, 64, 177, 920, 2230, 108, 1776, 425, 1129, 2393
356-3737|2231, 2422, 2213|2213, 1129, 488, 1032, 48, 1915, 2244, 1882, 2231, 1776
357-1405|886, 2213, 144|2213, 6, 130, 1129, 29, 5, 144, 1094, 208, 63
358-3592|2213, 72, 2322|2213, 1129, 72, 214, 113, 1810, 2427, 404, 524, 171
359-3754|85, 2463|2213, 1129, 1776, 107, 39, 2628, 48, 2629, 1032, 488
360-3737|2458, 2213, 103|2213, 1129, 48, 1032, 488, 2231, 2244, 1915, 1882, 29
361-2479|35|35, 469, 6, 313, 117, 179, 655, 72, 335, 253
362-1928|2, 454, 2106, 313, 35, 717|970, 3692, 6, 717, 35, 5, 189, 1096, 342, 461
363-276|2213, 408, 1129, 49|2213, 63, 49, 2, 62, 29, 1129, 144, 47, 6
364-2453|1346, 35, 2518|47, 49, 371, 46, 48, 246, 35, 498, 45, 94
365-1154|1592|45, 93, 26, 206, 254, 35, 64, 469, 252, 389
366-3767|2213|2213, 72, 1129, 214, 113, 2427, 1810, 2230, 404, 524
367-783|432, 2521, 759, 582, 755, 163|163, 5, 13, 105, 645, 14, 254, 6, 241, 245
368-966|841|128, 64, 177, 1434, 920, 1453, 1435, 596, 15, 108
369-3324|2523|396, 582, 189, 965, 319, 419, 1094, 422, 2523, 3678
370-1252|1410|473, 22, 353, 338, 3662, 1410, 29, 2808, 3670, 517
371-3825|154, 568, 898, 512, 149|645, 13, 6, 5, 241, 240, 40, 1662, 1006, 690
372-3784|1848|107, 5, 6, 47, 14, 49, 1915, 8, 85, 2244
373-3455|295, 2530, 2167, 2163, 2164, 2160, 2166|776, 2166, 2160, 2161, 2163, 2164, 1610, 2169, 2530, 281
374-725|63, 2531|163, 105, 1808, 5, 2531, 1870, 1849, 668, 582, 1094
375-4355|1854, 14, 2532, 1236|645, 1060, 13, 247, 735, 926, 1173, 14, 1854, 1662
376-2583|835, 1795|35, 117, 39, 47, 596, 49, 6, 1434, 206, 1453
377-3789|216, 345|1620, 1631, 2, 446, 659, 342, 1971, 6, 905, 800
378-1889|52, 2008, 501|52, 1240, 501, 1822, 50, 795, 2008, 51, 47, 228
379-103|45, 254, 64, 26, 167, 93|26, 64, 93, 45, 254, 42, 79, 41, 138, 179
380-2072|1664, 5|965, 645, 206, 47, 49, 1094, 5, 6, 939, 1060
381-9|34, 6, 24, 36|6, 107, 1060, 14, 746, 36, 1833, 889, 24, 1293
382-798|1485, 1482, 1514|776, 342, 266, 2100, 2166, 189, 371, 40, 618, 2160
383-1146|968, 1425|968, 645, 45, 13, 5, 93, 220, 1601, 254, 26
384-3811|2544, 2545, 968|107, 968, 3613, 220, 1601, 5, 14, 396, 39, 1958
385-4045|2549|342, 85, 103, 402, 1079, 649, 298, 659, 728, 266
386-1817|1170, 79, 163, 188|79, 228, 84, 6, 2803, 5, 347, 2809, 1610, 2805
387-2450|191|64, 191, 40, 192, 5, 163, 968, 1864, 280, 487
388-3826|141, 1239, 242, 253, 1838, 236, 298, 35|35, 39, 242, 206, 282, 207, 32, 253, 6, 1597
389-1886|794, 52|52, 50, 51, 795, 5, 794, 6, 40, 113, 1540
390-2364|1754|645, 13, 241, 240, 5, 1662, 6, 568, 245, 1006
391-2479|35|35, 6, 253, 39, 335, 715, 38, 242, 40, 418
392-1065|1006|13, 241, 240, 5, 6, 245, 568, 1891, 645, 913
393-458|2, 6, 906, 250, 259|5, 6, 2, 645, 50, 189, 188, 51, 717, 1060
394-3871|687, 1047, 511|47, 49, 353, 517, 50, 29, 5, 6, 113, 45
395-2000|715, 32|35, 39, 253, 242, 206, 38, 282, 388, 32, 68
396-4077|29, 339, 2553|2782, 2781, 3615, 3614, 207, 2002, 3122, 1445, 3131, 1434
397-4116|500, 1173, 189|645, 47, 5, 6, 35, 49, 46, 1060, 14, 13
398-3847|179|1200, 354, 485, 179, 463, 1158, 338, 655, 2803, 2808
399-3853|484, 2558|2676, 163, 1085, 282, 105, 1094, 189, 1158, 717, 1083
400-3852|2561|2676, 47, 1085, 1158, 2558, 282, 52, 59, 354, 485
401-3322|2570, 81|582, 189, 965, 319, 583, 1667, 1094, 1676, 553, 26
402-3859|141, 1696, 341, 280, 2106, 2565, 1346, 1620|39, 35, 228, 207, 242, 1610, 282, 206, 863, 298
403-2425|659, 1789|85, 47, 49, 402, 103, 1079, 649, 298, 98, 45
404-739|2568|1183, 2568, 48, 32, 84, 1094, 206, 1145, 553, 735
405-981|50, 29, 85, 144, 361|47, 49, 39, 29, 144, 206, 6, 35, 2229, 1776
406-3915|107|107, 3613, 39, 2628, 85, 2629, 396, 3678, 3680, 2574
407-3915|2574|107, 3613, 91, 2574, 90, 68, 1005, 189, 396, 3678
408-4355|2533, 247, 2532|498, 645, 47, 94, 246, 649, 5, 247, 703, 171
409-855|853, 851, 665|45, 93, 26, 254, 64, 68, 42, 5, 645, 6
410-3539|2436, 2268, 1129|2213, 1129, 29, 6, 144, 52, 50, 1776, 2229, 51
411-190|1129|29, 144, 188, 1129, 1037, 48, 488, 2213, 1094, 6
412-1353|1915, 1776, 978, 14|14, 1129, 247, 2213, 6, 29, 1094, 5, 144, 2229
413-821|35|35, 47, 6, 2213, 970, 49, 1096, 335, 1696, 1185
414-3789|216, 768|446, 342, 475, 2, 659, 79, 149, 768, 1345, 905
415-2368|117, 92, 1734|142, 342, 106, 117, 102, 181, 281, 631, 47, 776
416-1033|2579|2166, 1610, 2160, 2161, 2163, 2164, 815, 305, 181, 2159
417-59|1094|1094, 52, 50, 51, 795, 794, 1540, 501, 796, 113
418-1740|2435, 2580, 113|717, 795, 2213, 796, 6, 3692, 113, 79, 970, 29
419-2096|154, 32, 1722, 47, 221|47, 49, 2213, 45, 29, 32, 31, 14, 44, 54
420-1707|1016|39, 35, 206, 242, 32, 207, 282, 1200, 45, 6
421-1934|171|14, 247, 1129, 246, 1094, 171, 5, 85, 6, 130
422-3578|228, 616, 467|228, 1610, 863, 1606, 35, 1608, 1200, 1620, 253, 242
423-1615|1060|1060, 5, 14, 6, 645, 13, 1854, 1173, 1471, 707
424-286|107|68, 79, 107, 42, 45, 26, 141, 93, 72, 475
425-3502|2591, 2106, 1096, 1079|49, 45, 1096, 126, 970, 1079, 47, 85, 454, 1696
426-3319|810, 1405, 793|582, 189, 965, 319, 1620, 1094, 14, 1971, 654, 2006
427-2049|2593|1434, 1453, 858, 1435, 163, 512, 6, 596, 64, 499
428-3573|107|107, 228, 26, 1610, 68, 93, 863, 475, 64, 45
429-1731|280|40, 64, 98, 191, 1099, 280, 192, 616, 354, 237
430-109|92, 6, 5|5, 206, 645, 6, 1060, 14, 47, 49, 2213, 13
431-3796|1094|1094, 968, 128, 15, 220, 1601, 32, 791, 634, 94
432-1365|2597|14, 247, 79, 246, 795, 1094, 796, 5, 171, 35
433-3594|877, 1859|2213, 72, 98, 214, 113, 5, 1810, 2427, 470, 6
434-827|2773, 846, 820|179, 1912, 29, 72, 340, 243, 23, 1740, 60, 2767
435-2085|1188|47, 49, 14, 1094, 246, 35, 206, 171, 247, 5
436-1335|246, 46, 293|47, 5, 6, 14, 2, 49, 50, 246, 46, 188
437-1832|228, 1610, 1394|228, 1610, 863, 2803, 2809, 2805, 1394, 1046, 1606, 1620
438-4040|154, 233, 892, 2755|970, 3692, 717, 98, 6, 461, 5, 47, 45, 470
439-242|191, 192, 40, 64|163, 40, 64, 191, 280, 105, 192, 5, 204, 224
440-225|1145|1145, 409, 14, 644, 22, 645, 32, 64, 21, 140
441-3453|282, 620, 2621, 207, 807|39, 35, 206, 207, 242, 282, 32, 298, 620, 1836
442-1013|2627, 1678|409, 1145, 644, 305, 935, 98, 645, 130, 111, 172
443-4356|107, 895, 2632|107, 3613, 39, 2628, 2629, 85, 1240, 5, 3680, 6
444-4354|1434, 2634|1434, 47, 1453, 1435, 596, 49, 858, 1447, 595, 46
445-3496|2100|1111, 2100, 1455, 618, 1397, 1530, 764, 1749, 706, 1667
446-957|794, 239, 323, 241, 568|13, 241, 240, 5, 6, 106, 117, 568, 245, 1891
447-2393|47|47, 49, 45, 126, 35, 50, 206, 1640, 181, 32
448-971|1094|266, 342, 582, 903, 310, 79, 48, 68, 577, 14
449-2787|2, 1578|1356, 1923, 965, 14, 32, 6, 1933, 29, 85, 659
450-764|243, 557|795, 64, 796, 191, 79, 717, 40, 192, 1241, 144
451-2485|1448|35, 1434, 1448, 596, 595, 1453, 1435, 1599, 1943, 3022
452-3827|2551, 627, 46, 47|47, 49, 46, 50, 48, 246, 45, 498, 242, 94
453-3909|1589|2213, 1129, 1434, 1453, 1435, 596, 6, 29, 63, 858
454-3913|2638|5, 39, 1411, 130, 1017, 1943, 1415, 2125, 2419, 1015
455-3860|82|48, 32, 2710, 68, 1094, 1193, 2764, 29, 84, 553
456-122|107, 287, 348, 185, 186, 289|181, 107, 47, 184, 49, 6, 52, 59, 5, 794
457-3865|2642|107, 1631, 3613, 32, 2641, 396, 781, 3678, 2642, 142
458-2566|85, 2122|645, 85, 402, 298, 103, 371, 1079, 6, 5, 649
459-3920|184, 107, 1420|181, 107, 2645, 184, 1059, 264, 2655, 1420, 2649, 2659
460-3481|250, 477, 49|47, 49, 1200, 6, 44, 29, 968, 542, 246, 45
461-3877|556, 2582|107, 655, 179, 72, 3613, 32, 556, 128, 94, 500
462-2005|645|645, 13, 35, 6, 3692, 1662, 26, 1173, 970, 717
463-1329|634, 15|2, 6, 800, 79, 217, 29, 188, 68, 94, 113
464-1859|50, 51, 638, 1540|79, 52, 113, 32, 50, 63, 51, 14, 48, 40
465-560|32, 823|1200, 107, 48, 32, 128, 44, 968, 29, 189, 1094
466-546|582, 1829, 1087, 1667, 113, 1060|14, 1060, 32, 5, 6, 1090, 497, 130, 1854, 113
467-4356|107, 1651, 286|107, 47, 3613, 49, 39, 2628, 2629, 85, 6, 29
468-539|1094|1094, 60, 254, 1776, 42, 35, 253, 38, 388, 61
469-3926|556, 2536, 906, 171, 2192|707, 1094, 179, 655, 72, 230, 898, 556, 231, 47
470-873|864, 242, 47|47, 49, 189, 582, 319, 1129, 35, 92, 114, 79
471-550|247, 65, 254, 113|14, 206, 5, 32, 247, 113, 1090, 6, 497, 29
472-1392|1094|1094, 582, 63, 62, 2, 189, 965, 319, 645, 6
473-3873|6, 746|1389, 78, 2114, 313, 573, 648, 1094, 29, 1505, 98
474-3479|49, 463, 47|47, 49, 50, 45, 29, 144, 246, 171, 59, 14
475-109|6, 2658, 5|5, 1060, 645, 6, 130, 14, 582, 39, 1411, 1017
476-530|1408, 101, 2659, 47|47, 49, 59, 45, 52, 794, 50, 372, 542, 254
477-1944|1896|247, 735, 926, 5, 6, 645, 1060, 2661, 14, 163
478-250|2590, 93|79, 68, 107, 26, 93, 45, 42, 64, 3613, 141
479-1601|48, 986, 1656, 84, 457|48, 32, 29, 6, 144, 1094, 84, 188, 5, 553
480-2460|60|68, 79, 60, 469, 42, 117, 313, 141, 72, 306
481-3908|107|107, 39, 3613, 2628, 2629, 130, 85, 5, 1738, 113
482-661|85|85, 103, 298, 402, 1597, 141, 6, 1079, 649, 418
483-4357|107, 2665, 280, 254, 40, 64, 93|40, 64, 107, 191, 280, 192, 204, 224, 462, 154
484-2455|1825, 1376|52, 1240, 1822, 47, 5, 73, 501, 42, 103, 1735
485-1011|670, 630|1923, 48, 32, 79, 965, 84, 1129, 1094, 254, 40
486-1893|905, 311, 1552|446, 659, 342, 47, 905, 49, 354, 189, 35, 106
487-2030|2575|14, 498, 94, 32, 47, 1090, 497, 113, 247, 1698
488-569|107, 942, 47|47, 49, 52, 59, 45, 794, 107, 6, 372, 50
489-1215|917, 15, 47|47, 49, 965, 45, 85, 50, 246, 171, 59, 542
490-2551|13|1389, 2114, 5, 6, 645, 13, 29, 144, 188, 14
491-3942|92, 26|26, 64, 93, 45, 6, 29, 254, 128, 42, 5
492-1245|815|342, 266, 903, 815, 310, 128, 142, 631, 776, 24
493-350|1427|63, 1427, 45, 206, 42, 130, 293, 5, 198, 61
494-1562|1300|673, 895, 5, 342, 1300, 29, 1727, 79, 39, 1943
495-3950|3690, 487|79, 305, 32, 1193, 935, 48, 189, 582, 49, 40
496-1456|2313, 14, 47|47, 14, 49, 1640, 32, 791, 1645, 45, 247, 1637
497-368|1094|1094, 79, 113, 153, 965, 406, 1297, 533, 2173, 2174
498-1961|228, 1046, 94, 863, 498, 1566|498, 776, 47, 94, 863, 1094, 2166, 2160, 228, 2161
499-3968|2739|2710, 1193, 2764, 858, 177, 29, 638, 1434, 2706, 688
500-4038|181, 2741, 2743|2741, 2745, 2748, 2749, 2746, 117, 181, 2740, 102, 2752
501-4028|117, 2741, 2748, 2746, 2742, 3641, 2749|2741, 2745, 2748, 2749, 2746, 117, 181, 2740, 102, 2752
502-5|222, 2179|22, 371, 64, 21, 20, 1293, 6, 336, 1289, 2518
503-361|45, 61, 63, 1427|254, 2213, 26, 124, 45, 72, 63, 62, 2, 64
504-557|599, 547, 47, 5|47, 49, 117, 50, 5, 45, 341, 306, 6, 1060
505-234|153, 254, 1357|254, 47, 49, 26, 45, 42, 124, 170, 93, 67
506-3858|154, 2567, 2756, 64|1912, 35, 2767, 6, 335, 85, 60, 596, 418, 1040
507-4044|184, 2757, 2759|1631, 32, 47, 189, 1435, 582, 2757, 319, 781, 1632
508-4043|2758, 2757, 604|1631, 189, 1435, 582, 319, 32, 2757, 781, 1632, 1090
509-1732|65|107, 47, 52, 59, 49, 794, 3613, 39, 372, 2628
510-1288|2650|128, 634, 517, 903, 15, 791, 60, 94, 29, 902
511-378|79, 406|79, 113, 153, 32, 48, 40, 84, 406, 65, 1297
512-4045|107, 511|85, 409, 1145, 644, 402, 103, 1079, 649, 298, 645
513-262|106, 2, 29, 63, 144, 246, 408|49, 47, 63, 2, 62, 14, 106, 122, 117, 107
514-1796|1737, 102|128, 179, 655, 32, 72, 556, 94, 189, 717, 15
515-1023|2762, 2763|49, 1769, 1077, 1129, 1099, 1777, 706, 764, 158, 567
516-311|2130|107, 64, 224, 40, 45, 26, 280, 213, 462, 1130
517-349|2764, 725|14, 2710, 5, 32, 645, 2764, 6, 1193, 1060, 247
518-244|171, 239|163, 105, 5, 14, 247, 391, 1094, 395, 171, 397
519-1640|736, 93|254, 26, 42, 45, 93, 64, 68, 124, 170, 67
520-3500|403, 52|49, 45, 126, 6, 47, 5, 50, 1096, 2, 51
521-3952|655|342, 142, 655, 305, 179, 935, 72, 32, 111, 556
522-814|2767|1912, 2767, 39, 60, 353, 85, 206, 1040, 1093, 2756
523-2007|794, 2106|1094, 35, 39, 965, 206, 446, 342, 242, 6, 79
524-1564|1306, 1296, 1307, 1297, 1294|107, 371, 6, 1293, 1833, 1289, 746, 1294, 1297, 1292
525-4052|107, 6, 1294|107, 371, 6, 1293, 1833, 1289, 1294, 1292, 1297, 746
526-3537|130, 6, 14, 5, 1157|5, 130, 6, 50, 1094, 2, 208, 51, 188, 1157
527-140|203, 45, 194, 461, 26|45, 47, 49, 93, 14, 254, 26, 469, 252, 389
528-4052|107, 1293|107, 371, 6, 1293, 1833, 1289, 1294, 746, 3613, 1292
529-3466|184, 2771, 2074, 939|5, 645, 469, 1060, 117, 6, 313, 14, 306, 370
530-242|32, 582, 14, 105, 149|163, 582, 105, 14, 5, 1200, 113, 732, 1094, 79
531-14|49|47, 49, 45, 5, 79, 50, 46, 48, 246, 6
532-3568|2772, 831, 611, 819|1923, 107, 965, 14, 39, 717, 189, 3692, 179, 32
533-180|14, 113|5, 6, 14, 582, 106, 264, 79, 50, 2, 51
534-1668|645|5, 6, 645, 35, 1060, 14, 3692, 970, 13, 717
535-134|60, 1390, 655, 2829|60, 35, 206, 39, 29, 47, 242, 1094, 61, 42
536-4050|2362, 1025, 654, 2058|1912, 2767, 305, 935, 228, 1620, 342, 60, 1610, 2768
537-1502|973, 494|26, 64, 93, 254, 45, 40, 49, 42, 41, 47
538-113|29, 1849, 178, 180, 179, 143, 47|47, 49, 45, 163, 50, 29, 1808, 2, 6, 246
539-109|6, 645, 14|47, 5, 49, 14, 6, 645, 1060, 2213, 247, 45
540-2082|163, 1200, 392|1200, 206, 163, 105, 5, 44, 47, 968, 49, 1040
541-167|2776|14, 1060, 247, 1854, 47, 49, 1471, 1094, 1173, 528
542-4058|2200, 2777|14, 2777, 3692, 1556, 717, 970, 6, 94, 1571, 1582
543-2420|731|582, 206, 40, 64, 48, 191, 32, 280, 192, 1094
544-2573|1180, 18, 48, 206|79, 206, 48, 32, 409, 84, 1145, 644, 5, 94
545-1815|184, 1523, 29, 79, 213|79, 26, 93, 68, 213, 64, 45, 84, 42, 347
546-2632|258, 2, 1356, 29, 859, 340, 1814, 179, 1727, 611, 490, 1756, 686, 313, 660|1923, 14, 965, 5, 85, 32, 6, 1932, 2172, 65
547-2610|85, 1921, 2024, 2021|85, 402, 103, 1079, 649, 298, 47, 3692, 1970, 1983
548-767|2778, 2780, 2779|1389, 2114, 79, 2778, 2779, 163, 2780, 1347, 14, 1751
549-280|154, 40, 296, 425, 22|22, 64, 21, 20, 582, 40, 6, 278, 85, 5
550-235|206|39, 47, 206, 49, 29, 6, 35, 242, 64, 282
551-4300|2781, 2782|2782, 2781, 1540, 3615, 3614, 795, 1550, 1037, 484, 1536
552-2489|1854|582, 1060, 189, 717, 49, 47, 1094, 5, 85, 1854
553-4355|1854, 14|1060, 14, 1854, 1471, 1173, 13, 1916, 528, 60, 707
554-458|6, 906, 1854, 259|1060, 14, 5, 1854, 645, 6, 13, 189, 1173, 1471
555-3498|2100, 2103|1111, 2100, 1455, 1530, 618, 1397, 1749, 764, 706, 1667
556-4357|107, 45, 2665, 41, 64, 26, 138|64, 40, 26, 107, 191, 93, 45, 68, 280, 47
557-1496|239, 246, 47|47, 49, 2, 50, 188, 542, 45, 246, 79, 171
558-4115|1852, 2785, 1853, 2786, 2788, 2787, 1852, 2789|48, 1032, 858, 14, 177, 638, 63, 364, 1434, 688
559-103|469, 1947, 1948|26, 254, 64, 45, 93, 469, 117, 313, 370, 306
560-1434|462, 1182, 1339|965, 409, 1145, 644, 213, 1094, 107, 224, 357, 79
561-4118|281, 868, 2793|776, 1808, 1813, 2166, 1807, 2160, 2161, 2163, 2164, 281
562-3859|696, 2117, 304|1610, 2166, 2160, 39, 2161, 2163, 2164, 228, 35, 242
563-4320|2803, 2812, 2804, 2805, 2807|2029, 228, 2803, 2809, 1610, 2805, 863, 2026, 1394, 2025
564-978|179, 266|266, 342, 903, 6, 35, 310, 29, 1620, 64, 335
565-1911|1557, 634|776, 498, 47, 94, 2166, 2160, 2161, 2163, 2164, 863
566-3852|2561, 1200|1200, 44, 968, 47, 1040, 52, 59, 354, 485, 49
567-1214|219, 68, 2058|35, 47, 49, 39, 242, 253, 2, 542, 50, 246
568-541|535, 32, 14|14, 32, 107, 1090, 497, 22, 113, 49, 1698, 1145
569-3876|2819, 1763, 2257|63, 62, 2, 970, 408, 1096, 638, 4, 6, 122
570-4142|1094|1094, 107, 3613, 396, 3678, 2574, 142, 968, 707, 85
571-1052|1403, 487, 994, 3652|79, 47, 49, 64, 29, 191, 45, 6, 84, 40
572-900|961|1094, 645, 107, 6, 746, 36, 1833, 24, 889, 1293
573-2728|1094|1094, 1923, 965, 1932, 2172, 47, 14, 6, 49, 5
574-622|677, 2549, 514|1060, 6, 446, 14, 342, 13, 659, 29, 1854, 905
575-4149|1094|1094, 22, 64, 21, 189, 717, 20, 85, 582, 319
576-4299|8, 2018, 237|107, 3613, 47, 49, 22, 5, 85, 64, 14, 396
577-1016|271, 225, 812, 85, 247, 273, 6, 40, 266, 5, 717|14, 40, 6, 5, 65, 26, 645, 93, 68, 154
578-2082|582, 2822, 2823, 1074|189, 582, 206, 319, 163, 5, 105, 409, 1145, 644
579-1187|1094|1094, 45, 52, 93, 254, 26, 50, 51, 3692, 795
580-3910|1094|1094, 707, 230, 898, 231, 14, 906, 208, 232, 2771
581-2825|490|1923, 965, 6, 14, 29, 1932, 2172, 144, 85, 64
582-4354|1448, 2634|1943, 49, 1769, 1077, 1129, 1099, 1777, 158, 2982, 863
583-1318|60, 224, 1130, 213, 2825, 357|213, 357, 224, 1130, 462, 107, 280, 2825, 45, 40
584-3472|462, 436, 213, 345|213, 357, 512, 499, 6, 676, 1139, 224, 1130, 462
585-3920|184, 2649, 1059|181, 107, 2645, 184, 1059, 264, 2655, 1420, 2649, 2659
586-104|1240|47, 49, 45, 50, 117, 114, 92, 35, 246, 59
587-3472|417|107, 3613, 512, 499, 6, 39, 676, 1139, 2628, 1140
588-1811|519, 634, 64|1389, 78, 2114, 313, 14, 1094, 573, 648, 645, 98
589-149|1030|47, 5, 52, 59, 49, 39, 1411, 794, 130, 1017
590-2525|498, 2519|188, 144, 29, 498, 1129, 2213, 47, 94, 2, 582
591-1035|85, 45, 958, 808|254, 68, 45, 26, 124, 79, 141, 42, 93, 67
592-763|2831, 735, 554, 553|735, 247, 926, 659, 239, 553, 582, 554, 163, 79
593-149|794, 2094, 47|47, 582, 49, 59, 52, 794, 94, 45, 372, 40
594-3910|663|707, 1094, 230, 898, 231, 6, 29, 906, 14, 254
595-1788|1094|1094, 1389, 78, 2114, 14, 22, 313, 573, 64, 648
596-3770|2609|305, 935, 1193, 2213, 2710, 2706, 2152, 111, 172, 2716
597-2033|715, 282, 253, 2607, 2116, 376|35, 298, 39, 207, 253, 47, 49, 1836, 282, 38
598-1578|45, 114, 47, 49|47, 49, 45, 50, 60, 246, 171, 542, 59, 14
599-242|489, 262|163, 1094, 1808, 105, 2531, 1870, 1849, 5, 668, 738
600-1140|378, 1808, 43|582, 64, 29, 732, 191, 32, 31, 94, 44, 40
601-3930|1094|1094, 107, 6, 1389, 2114, 78, 746, 313, 36, 1833
602-2597|128|1356, 1923, 965, 79, 32, 717, 189, 1094, 903, 1933
603-388|484|1183, 717, 2568, 189, 553, 1094, 48, 700, 554, 40
604-681|94, 335, 841, 1201|47, 49, 1060, 353, 29, 14, 189, 517, 717, 85
605-4200|1358, 3028, 3029, 1943, 2002, 3030, 3031, 3032, 2857, 3033, 3034, 3035, 3036|1943, 2857, 2855, 2882, 2944, 303, 2972, 3043, 2874, 2887
606-4282|1448, 595, 3059, 1943, 1599, 3022, 2982, 3606, 2634, 1598, 3038, 3024|1943, 1448, 3022, 1599, 2634, 3024, 2982, 3038, 1434, 2839
607-2131|3562, 354|446, 342, 659, 1912, 905, 354, 15, 189, 485, 55
608-4268|2979, 3019, 1943, 3536, 3537, 3538|1943, 2979, 2980, 2903, 3156, 2991, 2977, 2849, 3088, 3020
609-4206|1448, 3059, 1943, 1599, 3022, 3025, 2634, 3024, 3060|1943, 1448, 3022, 1599, 2634, 3024, 2982, 3038, 1434, 2839
610-571|789|254, 128, 124, 15, 45, 170, 1259, 791, 67, 377
611-3830|365, 149|48, 5, 6, 13, 32, 50, 1200, 1032, 1094, 2
612-527|163, 395, 5|163, 47, 49, 105, 5, 14, 45, 171, 391, 395
613-124|29, 154, 144, 84|47, 49, 144, 29, 188, 1129, 79, 45, 14, 488
614-3883|3611, 376|1356, 47, 49, 181, 1923, 1059, 2645, 965, 107, 2655
615-1337|246|47, 49, 14, 246, 29, 171, 247, 6, 542, 970
616-4299|107, 3613|107, 3613, 39, 2628, 85, 2629, 396, 3680, 3678, 2574
617-4081|3616, 207|3615, 3614, 2782, 2781, 372, 542, 2085, 208, 2094, 1127
618-750|1094|1094, 14, 247, 5, 6, 2100, 130, 85, 618, 1397
619-9|36|1060, 107, 6, 14, 1854, 746, 36, 1833, 24, 889
620-4156|213, 2790|213, 107, 224, 357, 409, 1145, 644, 1130, 462, 280
621-2750|1937, 360, 813|1923, 965, 91, 1932, 2172, 90, 68, 1005, 2574, 189
622-1758|683, 32, 880, 848|254, 39, 35, 206, 242, 26, 45, 85, 68, 282
623-398|644, 1667|1094, 48, 32, 40, 79, 84, 65, 553, 6, 482
624-4081|3615|3615, 3614, 2782, 2781, 372, 542, 2085, 208, 2094, 1127
625-1023|3633, 1001, 3634, 3617, 3618, 3619|21, 3620, 3628, 3618, 3621, 3626, 3627, 3629, 3634, 3635
626-1000|79|79, 84, 32, 179, 347, 113, 655, 94, 72, 48
627-793|432, 588, 589|163, 206, 5, 105, 179, 50, 29, 397, 47, 107
628-4303|462, 2746|2741, 117, 2745, 2748, 2746, 2749, 181, 107, 224, 2752
629-697|1667|163, 181, 79, 1059, 2645, 107, 29, 179, 105, 2655
630-823|50, 47, 49|47, 49, 645, 14, 246, 45, 1060, 171, 13, 247
631-1943|3645|1060, 266, 342, 14, 1854, 903, 446, 1471, 310, 1173
632-1353|14|14, 247, 2213, 50, 6, 5, 1094, 85, 254, 29
633-623|313, 189|14, 1389, 78, 2114, 189, 582, 319, 6, 85, 32
634-4310|1094|1094, 965, 2179, 2172, 2175, 2176, 2181, 2186, 2180, 2690
635-3815|254|254, 124, 170, 26, 45, 582, 67, 42, 1259, 377
636-812|1095|207, 298, 68, 1836, 620, 282, 1838, 835, 141, 1199
637-3931|154, 528|14, 1060, 247, 1854, 47, 1094, 49, 5, 85, 1471
638-307|59, 92, 145|45, 213, 107, 224, 357, 49, 342, 462, 1130, 126
639-347|3648, 1714, 1100, 278, 2463|14, 1060, 247, 1854, 1094, 5, 6, 85, 1471, 528
640-1505|59, 794, 114|213, 47, 357, 224, 1130, 92, 462, 49, 114, 52
641-3360|224, 1132, 1130, 213, 357, 221|213, 357, 224, 1130, 462, 107, 280, 2825, 45, 40
642-620|45, 159, 160, 47, 49|47, 49, 46, 48, 79, 45, 246, 498, 94, 64
643-3360|224, 1130, 689, 213, 2825, 426|213, 357, 224, 1130, 462, 107, 280, 2825, 45, 40
644-189|1181, 3653|29, 144, 2213, 188, 1129, 6, 2229, 1776, 985, 40
645-330|79, 163, 1384, 1688, 1238|47, 49, 79, 1129, 45, 50, 14, 246, 171, 59
646-2492|239, 378, 15|582, 189, 965, 319, 1094, 91, 90, 68, 47, 49
647-2506|1040, 745, 156, 1808|1970, 1620, 1976, 91, 1347, 90, 768, 1751, 68, 63
648-1944|1094|1094, 5, 6, 645, 1060, 14, 13, 3692, 717, 968
649-2576|6, 13, 926, 676, 1684|1094, 6, 5, 512, 645, 499, 676, 1139, 1060, 1140
650-1408|144, 1445, 2257|2213, 47, 49, 1129, 6, 45, 14, 512, 50, 29
651-777|889, 914, 6, 755|6, 107, 3692, 746, 1094, 717, 189, 24, 5, 36
652-3908|224, 440, 85, 3656, 308, 528|107, 39, 40, 64, 1200, 191, 130, 2628, 280, 192
653-770|3657, 1148|582, 40, 47, 64, 189, 965, 191, 319, 94, 1094
654-1023|2773, 1431, 540|21, 3620, 3628, 706, 3618, 3621, 3626, 3627, 3629, 3634
655-973|517|14, 353, 517, 247, 113, 29, 48, 246, 826, 783
656-837|298, 207, 237|1970, 1983, 207, 98, 298, 367, 1099, 1836, 32, 620
657-1370|2097|189, 717, 2, 188, 1094, 469, 85, 582, 117, 313
658-335|22|22, 64, 473, 21, 338, 3662, 20, 1410, 2808, 107
659-22|2, 3, 638, 6, 77, 259|63, 2, 62, 213, 6, 357, 408, 2213, 638, 29
660-115|3674|47, 49, 795, 796, 163, 717, 14, 79, 113, 181
661-3886|1094|1094, 965, 2179, 2172, 2175, 2176, 2181, 2186, 2180, 2690
662-342|154, 270, 108, 40, 425|64, 177, 920, 213, 108, 357, 47, 425, 49, 206
663-3802|560, 64, 26, 167, 1946|213, 26, 357, 64, 93, 254, 224, 1130, 965, 462
664-4328|107|107, 3613, 39, 2628, 85, 2629, 396, 3678, 3680, 2574
665-4327|107|107, 5, 6, 3613, 85, 14, 39, 8, 281, 2628
666-4328|1240|107, 3613, 39, 2628, 85, 2629, 396, 3680, 3678, 2574
667-3807|2540, 41, 254, 2228, 138|26, 64, 45, 93, 254, 213, 357, 42, 40, 41
668-4351|462, 213, 89, 357|213, 357, 224, 1130, 462, 107, 2825, 179, 280, 2824
669-4357|107, 2665, 41, 64, 26|107, 64, 26, 45, 93, 40, 68, 1606, 42, 1608
670-434|239|254, 78, 1389, 2114, 144, 1094, 29, 188, 582, 1129
671-398|3677|32, 48, 655, 179, 72, 40, 556, 500, 79, 1094
672-4351|462, 2824, 213, 89, 357|213, 357, 224, 1130, 462, 107, 2825, 179, 280, 2824
673-4339|45, 6, 570, 3681, 31, 3679, 3683|107, 396, 3613, 419, 3678, 422, 2523, 1288, 1027, 1526
674-1853|1094|1094, 163, 105, 63, 188, 29, 144, 2, 62, 5
675-4315|3670, 3294|3670, 1943, 473, 22, 3018, 338, 3662, 1410, 654, 1971
676-4339|107, 45, 462, 6, 570, 3681, 31, 3679, 3683|107, 3613, 254, 39, 85, 396, 3678, 2628, 142, 2574
677-3319|1123, 1059, 820|582, 189, 965, 319, 1094, 181, 1059, 2645, 107, 2655
678-1057|32, 641, 30, 1128|48, 32, 79, 26, 582, 84, 1094, 254, 42, 553
679-1797|1094|1094, 189, 717, 85, 582, 319, 335, 239, 3692, 461
680-1601|1094|1094, 48, 32, 84, 553, 735, 144, 29, 30, 188
681-2333|142, 342, 848, 15|342, 142, 631, 776, 14, 1111, 64, 26, 1275, 920
682-4303|107|107, 3613, 224, 39, 213, 2628, 280, 462, 1130, 357
683-253|29, 277|5, 6, 22, 50, 64, 2, 21, 51, 188, 20
684-4097|29, 2553, 620, 207, 2361|1094, 2782, 2781, 3615, 3614, 144, 29, 188, 1129, 39
685-3835|1763, 207, 2612|39, 35, 206, 207, 242, 282, 32, 620, 298, 1836
686-3937|107, 1807|107, 213, 24, 1808, 357, 224, 342, 45, 1813, 1130
687-793|2114, 1389|1389, 2114, 163, 2778, 2779, 1347, 2780, 1751, 768, 105
688-4358|107, 3684|107, 5, 6, 3613, 50, 39, 2, 51, 2628, 188
689-4356|107, 2631, 2632|107, 3613, 39, 2628, 2629, 85, 1240, 3680, 35, 113
690-4330|107, 224, 6, 1158, 3685, 1580|107, 3613, 49, 5, 396, 6, 3678, 2574, 85, 154
691-4347|107|208, 1353, 174, 173, 2213, 3687, 5, 2148, 3688, 64
692-4348|341, 85, 1664, 279|208, 1353, 174, 173, 117, 3687, 5, 2148, 3688, 1943
693-9|36|6, 107, 342, 659, 746, 354, 26, 446, 64, 36
694-1872|474|48, 32, 795, 796, 717, 1094, 553, 79, 47, 49
695-292|10, 12, 430, 26|26, 64, 93, 254, 45, 42, 68, 41, 138, 79
696-4047|193, 1130, 221|208, 1353, 107, 224, 213, 174, 1130, 45, 280, 462
697-1944|1094|1094, 5, 6, 645, 1060, 14, 13, 3692, 717, 968
698-4334|107|107, 3613, 47, 92, 39, 114, 2628, 85, 2629, 49
699-4148|107|965, 107, 1094, 3613, 2179, 39, 2172, 2628, 2629, 2175
700-4134|29, 338, 1211, 1192, 1193|473, 338, 3662, 22, 2808, 1410, 354, 659, 239, 3670
701-3878|247, 1129|14, 1129, 247, 1060, 1094, 246, 144, 29, 188, 5
702-242|3693, 239, 3692, 461, 14, 1534, 717, 189|163, 5, 3692, 105, 717, 189, 6, 970, 14, 461
703-4358|107, 18, 6, 5, 1238|107, 5, 6, 50, 3613, 2, 51, 188, 45, 39
704-4358|107, 794, 18, 42, 5, 1238|107, 5, 6, 3613, 50, 39, 2, 51, 2628, 188
705-4298|107|107, 3613, 39, 2628, 85, 2629, 396, 3678, 3680, 2574
706-3810|2539, 188|52, 2, 50, 51, 795, 113, 79, 26, 794, 501
707-4329|2665, 2826, 213, 357|213, 357, 224, 1130, 462, 107, 280, 2825, 45, 40
708-4337|107, 101|107, 3613, 39, 85, 2628, 396, 3678, 2629, 2574, 3680
