0-3909|2, 3, 353, 335, 396|29, 94, 23, 138, 6, 5, 45, 85, 39, 244
1-570|45, 462, 280, 466, 634, 467, 40|280, 40, 107, 111, 45, 186, 68, 154, 22, 462
2-174|73, 1254, 472|470, 469, 472, 471, 149, 62, 171, 188
3-5|459, 462, 460, 0, 22|460, 462, 459, 6, 22, 85, 473, 278, 461, 361
4-314|107, 462, 468, 40|107, 40, 45, 467, 68, 6, 49, 47, 466, 2
5-1662|1886, 13|107, 14, 49, 295, 40, 45, 126, 93, 26, 47
6-124|409|14
7-1889|695, 696, 52, 697|697, 52, 696, 695
8-430|698|698, 111, 283, 357, 276, 445, 8, 64, 102, 5
9-1016|247, 482, 704|247, 746, 6, 700, 645, 621, 554, 749, 748, 45
10-364|85, 102, 5, 6, 14, 760, 322, 761, 528, 771, 772, 529, 762|6, 5, 14, 761, 85, 762, 760, 529, 322, 40
11-7|8, 87, 25|773, 373, 129, 87, 774, 8, 51
12-1238|775, 463|775, 776, 463
13-1438|14, 529|582, 32, 14, 188, 767
14-1262|616, 339, 354, 484, 820, 464|49, 47, 35, 372, 806, 32, 45, 254, 128, 50
15-1149|446, 47|49, 47, 52, 35, 865, 715, 888, 50, 372, 891
16-1490|1210|342, 903, 919, 21, 833, 582, 221, 800, 217, 20
17-69|784, 45, 785, 225, 254, 29, 778, 786, 787, 83, 788, 170, 372, 789, 791, 717, 128|49, 254, 45, 372, 778, 925, 246, 369, 247, 171
18-808|793, 128|870, 46, 130, 368, 582
19-1936|18, 79|79, 362, 347, 144, 29, 84, 461
20-4116|1173, 189|735, 65, 943, 247, 47, 949, 926, 951, 114, 582
21-3508|957|937, 957, 936, 305, 935, 952, 933, 956, 672, 645
22-109|6|797, 958, 248, 141, 207, 401
23-271|254, 42|85, 791, 32, 733, 15
24-233|59, 369, 246, 370, 371, 376, 79, 372, 47, 373, 374, 375, 49|85, 6, 5, 103, 402, 282, 126, 45, 49, 47
25-3785|2094|618, 946, 735
26-2493|963, 736|227, 405, 970, 982, 31, 582, 189, 993, 148, 962
27-1057|1003, 641, 484, 655|79, 655, 1012, 634, 1013, 153, 636, 78, 750, 1005
28-726|730, 1031|49, 114, 1031, 1030, 5, 130, 372, 39, 572, 707
29-3911|107, 595, 2551|206, 47, 107, 1032, 1034, 596, 576, 246, 732, 252
30-870|869, 85, 596, 1035, 68|37, 1035, 49, 869, 371, 35, 47, 144, 370, 1037
31-484|1040, 611, 602|968, 1040, 1042, 44, 32, 30, 43, 632, 666, 1043
32-1209|141, 247|247, 254, 246, 45, 6, 1044
33-857|793, 857|903, 1045, 1046, 47, 49, 14, 857
34-1904|242, 863, 23|47, 1049, 246, 446, 374, 645, 242, 206, 39, 887
35-1232|367, 308|1051, 112, 32, 198, 1053, 510, 592, 605, 418, 103
36-217|355, 122, 246, 35, 356, 357|1040, 93, 213, 1054, 252, 1056, 1055, 659, 1057, 777
37-2082|721, 206, 397, 5|163, 583, 553, 1060, 576, 717, 735, 124, 62, 700
38-1542|305, 522|936, 305, 1068, 1067, 952, 1065, 1064, 445, 106, 1069
39-1187|863, 91|91, 68, 90, 79, 163, 876, 1076, 863, 1072, 38
40-722|1085, 1101, 707|1085, 1101, 49, 1097, 1090, 1102, 1060, 14, 16, 13
41-656|282, 353|282, 1104, 1103, 353
42-2087|107, 1121, 542, 47, 5, 49|128, 254, 876, 542, 45, 1121, 219, 47, 49, 247
43-2472|715, 1835, 806, 1837|252, 893
44-1985|654|752, 6, 5, 751, 35, 653, 652
45-1770|247, 1060, 939|247, 1148, 1139, 1173, 1140, 1060, 939, 676, 1182, 462
46-801|582, 1183|1183, 582, 206, 1145, 130, 40, 94, 79, 445, 583
47-212|343, 348, 85, 154, 2567, 1185, 147, 970, 64, 422, 296, 1190, 22|970, 1185, 189, 50, 49, 1040, 47, 609, 597, 5
48-233|47, 353|47, 49, 92, 353, 242, 114, 23, 78
49-1422|172, 672, 4, 5|183, 4, 672
50-526|247, 621|47, 359, 578, 1195, 106, 254, 45, 171, 38, 1196
51-602|1197|1197, 717
52-4083|2553, 467|715, 207, 1199, 103, 47, 6, 654, 1041, 830, 838
53-14|114, 1200, 609, 49|1200, 49, 408, 247, 246, 665
54-83|567|488, 858, 567
55-1289|141, 45, 733, 242, 167|242, 1046, 342, 6, 614, 1201, 446, 103, 905
56-653|14, 22|22, 227, 40, 84, 170
57-1477|1202|1202
58-1189|1077, 282, 342, 45, 32|35, 179, 821, 820, 819, 32, 1078, 282, 1077, 6
59-109|645|1208, 645, 14, 142, 1089, 1209, 654, 1203, 130, 13
60-2661|179|340, 254, 45
61-1222|707, 217, 1893, 1102, 110|14, 517, 1216, 1215, 100, 707, 568, 645, 13, 1213
62-2076|117, 107, 83, 79, 47, 68, 49|655, 45, 47, 1235, 49, 114, 372, 117, 2, 26
63-3503|1053|1053, 605, 354, 302, 32, 64, 339, 258, 508
64-1866|898, 706, 1543, 717|1003, 1246, 796, 553, 717, 1037, 795, 1249, 1248, 1247
65-1542|1068, 305, 936|1251, 39, 723, 936, 1063, 1250, 206, 1252, 645, 35
66-361|61, 1689|47, 114, 49, 60, 6, 1060, 15, 1254, 14, 596
67-456|79, 84, 278|85, 79, 538, 64, 22, 21, 20, 26, 5, 49
68-632|106, 305, 936|936, 305, 106
69-407|50, 51, 487, 1074, 5|189, 124, 412, 1258, 417, 1220, 651, 1259, 257, 254
70-3875|239, 249, 14, 1678|111, 305, 107, 483, 480, 64, 125, 1068, 952, 49
71-607|62, 1266, 560, 1268, 311|1265, 1266, 1268, 311, 14, 297, 102, 1145, 1003, 65
72-1370|271, 1274, 225, 963, 812, 500, 273, 1150, 1181|6, 5, 171, 812, 225, 1274, 963, 717, 271, 17
73-1966|1285, 1281, 1284, 1280, 1283, 396|1280, 1283, 396, 1284, 1285, 153, 1282, 1281, 1279, 655
74-4039|1286|1286, 1110
75-2467|1368, 1588, 1292, 1294|1292, 582, 1289, 6, 14, 1309, 1294, 520, 39, 766
76-918|687|371, 208, 6, 704, 608, 65, 266, 64, 49, 180
77-3340|426, 388, 1332, 553|184, 426, 289, 201, 48, 47, 188, 874, 49, 921
78-984|1207, 768, 85, 198|6, 85, 768, 1207, 538, 891, 683, 103, 29, 637
79-381|117, 79, 213, 357, 457|357, 213, 117, 79, 40, 1297, 425, 108, 48, 144
80-1028|41, 39, 5, 6|39, 65, 6, 5, 41, 26, 963, 24
81-1527|141, 45, 254, 1426|254, 385, 45, 11, 121, 85, 103, 141
82-110|50, 51, 52, 175|49, 372, 35, 6, 5, 323, 671, 645, 751, 396
83-1105|1339, 1337, 1023, 13|1337, 13, 6, 5, 1340, 1023, 241, 1339, 35, 707
84-1475|1341, 188, 22|1341, 22, 14, 13, 188, 6, 73, 343, 360
85-2443|1811, 582, 703, 655, 1534|582, 655, 645, 32, 171, 1346, 113, 163, 631, 432
86-268|49|768, 1147, 5, 1347, 149, 770, 769, 154, 1348, 1342
87-1641|254, 604, 556, 1219, 26, 42, 1259, 124|26, 1259, 170, 239, 1348, 1349, 377, 1247
88-323|65, 84, 40|79, 40, 41, 18, 14, 84, 527, 93, 313, 73
89-2531|498|1350, 939, 113, 262, 86, 1090, 1352, 105, 14, 1003
90-3948|239, 324, 855|1353, 170, 379, 254, 464, 106, 377, 29, 67, 76
91-427|106, 1077, 1060, 1201|247, 171, 246, 1077, 454, 47, 14, 353, 35, 1201
92-3302|1240|1387, 342, 517, 815, 1389, 892, 1347, 1388, 577
93-1744|354|833, 29, 1390, 449, 6
94-3884|117, 2, 1392, 6, 1393, 1212, 756, 5, 660, 746|348, 1391, 5, 14, 1393, 1392, 746, 223, 106
95-1145|6, 1099, 5, 418|645, 49, 47
96-3948|401, 298, 239, 103, 85, 962, 2977|298, 401, 85, 103, 1199, 1395, 579, 1396, 1394
97-388|30, 32|32, 824, 717, 273, 1274, 271
98-780|247, 1397, 645, 14|645, 1397, 618, 707, 45, 425, 1157, 13
99-1953|1398|1398, 1400, 207, 282, 1399, 490, 342, 6, 418, 654
100-1424|1401, 323, 5, 6|1401, 311, 14, 6, 5, 264, 263, 142, 186, 118
101-2402|181|1345, 106, 117, 669, 1407, 592, 1269, 105, 1271, 1406
102-2027|1416, 60, 774, 206, 1419, 1413|206, 1416, 1415, 223, 1419, 163, 5, 246, 47, 247
103-2015|342, 38|5, 6, 23, 353, 1295, 45, 1310, 1417, 1435, 341
104-804|748, 1437, 339|1187, 1437, 603, 339
105-3882|1440, 107|98, 1439, 14, 1438, 242, 1359, 24, 490, 1441, 466
106-460|432, 588, 589|1443, 1442, 589, 588, 432, 1444
107-2486|1448, 1762|1454, 60, 1129, 126, 45, 47, 49, 1453, 2, 6
108-1282|565|903, 1108, 266, 902, 290, 631, 565, 1082, 1457, 58
109-1210|1080, 107, 952, 1462, 1091, 14, 1460, 1466, 1092, 1067|952, 1459, 1067, 1462, 1460, 107, 1080, 186, 98, 880
110-804|1469|1470, 1468, 1469, 704, 1158, 206, 582, 1467, 808
111-1360|1580, 1144|14, 1471, 13, 189, 1473, 587, 113, 230, 1474, 1354
112-1541|137, 2, 935, 1475, 6, 305, 111, 98, 936|305, 111, 1475, 936, 935, 172, 130, 480, 107, 364
113-3331|231, 14, 898|898, 14, 231, 49, 48, 47, 46, 1477, 1476, 250
114-816|340, 810, 32|340, 169, 517, 353, 921, 562, 444, 64, 128, 893
115-934|1510|1485, 1489, 1503, 1478, 1514, 1513, 1491, 1483, 1510, 1481
116-971|903|863, 98, 820
117-1597|114, 188, 47, 49|79, 47, 49, 17, 475, 5, 29, 45, 1149, 757
118-845|845|845
119-407|1797, 52, 557, 5|424, 580, 1524, 470, 1074, 1129, 1525, 49, 47
120-1583|1526, 133|47, 1526, 29, 1027, 79, 246, 419, 144, 372, 600
121-1571|64, 6|39, 674, 893, 717, 582, 171, 49, 47, 126, 45
122-205|21, 64, 155|1528, 14, 904, 27, 659, 345, 1529, 621, 893, 6
123-850|50, 142, 14|50, 14, 65, 29, 393, 1530, 247, 1528, 847, 147
124-639|59, 499, 49|49, 45, 126, 47, 50, 485, 68, 839, 14, 142
125-1873|1900, 63, 32, 26|179, 32, 1531, 79, 378, 144, 29, 992, 48, 488
126-719|241, 13, 1060|1060, 14, 241, 707, 1032, 593, 247
127-4161|1037, 1267, 1032|102, 1540, 264, 186, 117, 1532, 1550, 181, 732, 1037
128-256|725|14, 49, 1551, 372, 735, 926, 517, 1236, 721, 79
129-615|673|1553, 1300, 673, 1338, 32, 1552, 905
130-948|903, 266|903, 917, 1555, 1554, 180, 634, 367, 354, 485
131-385|94, 419|94
132-3564|107, 1557, 1564, 1099, 498, 1566|94, 498, 1558, 1564, 47, 703, 649, 15, 35, 246
133-1914|835, 2801|835, 344
134-1255|1547, 1347|863, 961, 1347, 242, 228, 1569, 354, 503, 1307, 85
135-938|915|1045, 915, 634, 1293, 712, 1266, 1570
136-1421|1582, 645, 939|1582, 645, 14, 47, 94, 5, 45, 85, 16, 1023
137-1188|93|388, 93, 49, 2, 1157, 246, 794, 45
138-396|29, 337, 313|335, 1590, 595, 1434, 409, 644, 13, 1148, 144, 29
139-4302|3642, 1352, 3643|13, 645, 1110, 920, 659, 1084, 1173, 1591, 903, 905
140-448|49, 1050, 1382, 79, 388|49, 59, 79, 247, 114, 63, 408, 144, 29, 158
141-1193|1595|14, 5, 369, 1595, 198, 1596, 130, 98, 1594, 1593
142-4054|282, 620, 2621, 2607, 1942, 1157|354, 39, 654, 1099, 1390, 1600, 974, 1454, 1599, 242
143-4352|8, 685|1259, 1354, 615, 666, 8
144-1147|774, 206|863, 50, 228, 1426, 128, 85, 189, 5, 39, 242
145-1023|72, 1406, 98, 221|98, 40, 5, 183, 172, 1097, 1406, 1601, 92, 208
146-1546|1283|1283, 1280, 1281, 1282
147-1517|208|208, 369, 5, 986, 52, 795, 1427, 1602, 833, 867
148-1704|112, 14|14, 673, 645, 113
149-1777|29, 85|1386, 1079, 486, 891, 98, 1385, 302, 1603, 85, 107
150-804|45|833, 1370, 402, 1079, 68, 806, 32, 1026, 920
151-3508|1613, 1604, 85, 649, 402, 35, 103|45, 13, 1337, 254, 1605, 252, 154, 1604
152-2028|1606, 466, 1610, 1608, 1029|1608, 1606, 1425, 282, 1613, 1029, 1610, 39, 253, 1423
153-435|2151, 47, 68|1629, 64, 654, 206, 1077
154-3457|107, 1606, 253, 1608, 1425|1608, 1606, 1425, 1610, 45, 1630, 1039, 1620, 1423, 39
155-525|107, 1631, 1090, 47, 49|1631, 49, 14, 113, 1090, 26, 78, 47, 79, 604
156-1344|1649, 135, 47|32, 1649, 1644, 791, 1645, 1642, 47, 1640, 1647, 1641
157-66|123, 311, 20, 366, 278, 21, 64, 127, 124, 22|127, 22, 64, 21, 20, 277, 117, 5, 0, 265
158-2044|6|6
159-2094|193, 1717, 177|85, 49, 808, 40, 264, 763, 246, 45, 1655, 1361
160-1607|188, 189|5, 206, 31, 986, 48, 1656, 135, 361, 397, 79
161-1285|335|748, 254, 170, 1356, 124, 15, 1360, 1658, 68, 67
162-222|85, 726, 14, 361|254, 45, 29, 704, 14, 171, 48, 1378, 6, 64
163-1921|341, 154, 1665, 40, 344|1665, 308, 1664, 1663, 195, 50, 5, 6
164-1384|485, 206, 1666, 105, 1236|1666, 1236, 571, 570
165-3566|128|764, 1667, 706, 567, 1671, 1670, 1669, 1674, 1673, 1005
166-829|803|112, 803
167-3875|239, 249, 14, 1678, 936|409, 1678, 644, 186, 354, 511, 79, 40, 405, 912
168-156|171, 94, 41, 206, 1706|94, 113, 542, 107, 49, 454, 224, 1698, 280, 247
169-1216|1714, 1081, 1713, 1466|1466, 1711, 1080, 1713, 1092, 1461, 1067, 1460, 1462, 952
170-1097|715, 852, 39, 206, 645, 1715, 1252, 5|1715, 5, 645, 715, 206, 39, 863, 1067, 1460, 1081
171-868|400, 1621, 47|47, 45, 1717, 1720, 1719, 6, 2, 50, 142, 141
172-168|6, 5|707, 5, 6, 85, 898, 14, 231, 504, 247, 110
173-471|546|546
174-2369|142, 342|342, 446, 905, 815, 1111, 231, 1275, 232, 776, 631
175-2378|1755, 1751, 1347|1347, 1751, 768, 1752, 1750, 1754, 1755, 1753, 686, 898
176-2343|239, 659|342, 659, 239, 898, 142, 446, 905, 1111, 1275, 920
177-2182|1111, 1757|342, 1111, 776, 673, 631, 1275, 815, 142, 446, 24
178-2362|1755, 1761|1761, 14, 507, 251, 1755, 247, 1760, 593, 1759, 92
179-3319|810, 582|806, 805, 582, 832, 32, 239
180-3819|1590, 976|1764, 1453, 1445, 976, 1768, 1767, 63, 1766, 1765, 113
181-890|50, 228, 713, 879, 887, 1426|879, 895, 1300, 905, 673, 342, 242, 1653, 228
182-2412|354, 1099, 237|1099, 237, 113, 1129, 1777, 49, 2, 158, 6, 1077
183-895|659, 1787|498, 582, 1037, 1786, 188, 732, 1291, 1787, 113, 1785
184-4352|1790|52, 1790, 1265, 713, 113
185-2394|107, 595, 869, 1791, 2296, 455, 843, 1036, 47|107, 1036, 843, 596, 1791, 869, 595, 1795, 1794, 382
186-1891|246|298, 246, 1796, 1394, 1590, 1434, 35
187-651|52, 308|47, 52, 14, 50, 79, 132, 488, 246, 577, 688
188-2059|764, 1267, 567, 1800, 1801, 1667, 706|567, 1800, 706, 65, 764, 1671, 325, 1667, 1801, 1267
189-2425|239, 446, 1789, 1210|1210, 659, 342, 446, 57, 905, 511, 491, 759, 485
190-135|62, 1762, 638, 409|122, 47, 357, 215, 1453, 1762, 5, 94, 26, 64
191-161|1803, 781, 217, 240, 241, 13, 54|14, 1803, 49, 1028, 106, 47, 117, 50, 102, 1022
192-551|206|47, 45, 645, 1805, 50, 14, 206
193-4159|1558|863, 1558, 891, 298, 103, 446, 801, 187, 23, 1099
194-29|141, 79, 1808, 42|1808, 49, 79, 1813, 105, 42, 664, 163, 372, 391
195-3532|141|1602, 298, 103, 1818, 1817, 1346, 1016, 248, 1426, 683
196-2459|1821, 1207, 1820|52, 1819, 1426, 1820, 1821
197-1968|52|1240, 1207, 6, 2, 50, 1822, 476, 40, 296, 47
198-4353|117, 306, 971, 84, 64|306, 117, 171, 47, 1060, 49, 1828, 1831, 59, 1830
199-4353|214, 971, 405, 84, 64|45, 6, 15, 171, 599, 501, 47, 126, 306, 2
200-245|120, 88, 140|1675
201-1561|1833, 550, 1298, 1294|1833, 1294, 1588, 1307, 1457, 1368, 1834
202-4354|1434, 1590, 836, 2634|35, 1838, 1836, 389, 207, 970, 574, 1130, 838, 1840
203-1989|45, 342, 35, 654, 2382, 68|35, 253, 68, 654, 206, 1199, 1038, 298, 6, 1842
204-2488|1448, 1845|1435, 1845, 763, 1766, 1844, 1448, 596, 1846, 688, 1433
205-3599|1450, 113|1434, 858, 1453, 1847, 1198, 455, 113, 688, 638
206-758|378, 1808, 582|1808, 582, 1849, 94, 482, 1848, 262, 105, 1851, 171
207-17|14, 49|59, 163, 17, 45, 629, 38, 1196
208-2486|1344|1766, 631, 1344, 48, 49, 6, 299
209-2055|64, 596, 29, 858, 335, 64, 250, 64|64, 6, 611, 441, 12, 1852, 177, 113, 502, 391
210-341|50, 51, 493|144, 500, 1853, 29, 79, 175, 623, 1271, 794, 499
211-234|377, 378, 254, 1854|1854, 377, 26, 153, 254, 49, 463, 124, 188, 144
212-3889|1828, 1129, 1855, 149|149, 1147, 713, 745, 1855, 1129, 1828, 81, 65, 768
213-1773|254|254, 1009, 313, 388, 1860, 560, 1859, 469, 808, 387
214-3122|669|62, 1523, 80, 308, 377, 26, 170, 369, 849, 851
215-2983|732, 582, 1862, 470|1676, 14, 1869, 1868, 553, 65, 470, 512, 582, 630
216-1461|1554, 666, 556, 32, 365, 1043, 632|35, 188, 186, 107, 49, 122, 106, 2, 253, 477
217-1601|48, 1667|1667, 1870, 582, 163, 1060, 6, 79, 2, 1862, 13
218-2398|1077, 219, 114, 1769, 47, 49|47, 1077, 49, 1769, 35, 114, 242, 372, 794, 126
219-404|963, 1878, 404|963, 404, 645, 1878, 1870
220-4160|654, 1881, 1447|1796, 338, 1882, 1881, 654, 1880, 339, 1590, 1879
221-3329|1884, 1650, 1173|1173, 1884, 240, 1885, 2, 1576, 241, 14, 364, 247
222-3880|153, 11|1060, 1343, 13, 144, 206, 256, 39, 774, 572, 758
223-1421|1892, 6, 939, 5|6, 1892, 5, 245, 13, 1891, 1894, 241, 14, 913
224-3574|935, 60, 68, 1897, 91|1897, 935, 60, 26, 45, 247, 254, 124
225-3837|1939, 94|512, 808, 254
226-694|638, 3610, 3609|357, 213, 117, 62, 755, 431, 408, 1319, 2, 222
227-61|60, 29, 1898, 372|60, 29, 372, 1898, 42, 180, 65, 79, 40, 154
228-3876|1930, 436, 46|645, 1077, 5, 707, 1079, 1899, 1629, 39, 1097, 1386
229-2082|206, 5|254, 78, 40, 1050, 638, 62, 93
230-3530|1270|5, 198, 103, 1052, 112, 1420, 6, 50
231-1467|794, 1196, 38, 47|47, 1196, 59, 794, 50, 137, 508, 1382, 45, 52
232-156|711, 206, 40, 397, 5|206, 48, 655, 945, 1346, 1699, 721, 41, 828, 737
233-2582|1909|1909
234-65|122, 600, 2513, 54|206, 39, 1032, 1911, 1060, 1039, 1910
235-1402|939|546, 49, 4, 45, 47, 522, 523, 59, 126, 79
236-4352|685, 713, 1914|1912, 1129, 1093, 1914, 163, 246, 60, 739, 63, 62
237-1644|370|179, 1448, 1915
238-1778|707, 1472, 1917|264, 14, 1916, 1917, 1060, 1733, 1175, 707, 926, 1918
239-347|14|22, 14, 554, 40, 707, 32, 706, 274, 553, 744
240-1560|889, 6, 5|1148, 5, 1275, 342, 6, 545, 1920, 1919, 64, 191
241-640|50, 85, 39, 103|103, 85, 1921, 834, 32, 87, 302, 1046, 463, 354
242-2821|1933|1933, 965, 72, 1937, 824, 1936, 1935, 1934, 32, 1923
243-116|342, 1629|1060, 39, 1629, 469, 14
244-3822|736|736, 1293
245-3312|1940, 1942, 654, 1938|1938
246-3311|1940, 1941, 179, 1938|1938, 179, 1939, 1942, 1941, 1940
247-3310|179, 1938|1938, 654, 179, 798, 1939, 1943
248-3267|32, 32, 824, 824, 1934, 1936, 1935|1935, 1934, 32, 824, 813
249-4160|2061, 466, 449|49, 45, 126, 371, 47, 356, 14, 546, 87, 1373
250-2933|965|965, 1933, 824, 1936, 1935, 1934, 32, 72, 1937, 1923
251-1625|590|5, 1194, 676, 14, 13, 6, 1944, 1090, 1676, 107
252-1531|335|250, 42, 26, 12, 10, 666, 179, 1657, 1360, 1321
253-781|713, 1799|198, 1326, 1945, 78, 42, 469, 179, 313, 222, 496
254-1498|319, 582, 189|189, 582, 319
255-751|240|1173, 13, 254, 1555, 1430, 16, 1949, 768, 163, 1947
256-1790|1957, 1956|1148, 1331, 47, 49, 133, 1601, 1958, 1951, 220, 1965
257-2473|3500, 35, 3622|38, 1840, 35, 1038, 298, 1053, 880, 32, 620
258-3448|2056, 2057, 1971, 2029|2029, 2025, 2026, 2043, 1971, 1970, 1983, 2051, 2055, 2054
259-3430|1971, 2012|1971, 2006, 899, 654, 737, 1221, 1431, 2011, 2019, 2008
260-3370|1969, 1970|1970, 1971, 103, 1976, 1969, 1620, 1079, 1983, 1974, 565
261-661|85, 32, 1988|1988, 1970, 1620, 1976, 1394, 1979, 1971, 733, 402, 654
262-3787|98|668, 1808, 163, 52, 240
263-837|32, 237|298, 418, 103, 85, 207, 45, 29, 342, 6, 1132
264-3427|179|85, 32, 256, 21, 490, 156, 1620, 353
265-3357|1864|1864, 64, 191
266-1434|107|1094, 140, 14, 47, 6, 5, 868, 638, 645, 2076
267-1416|2077, 14|14, 1145, 49, 39, 2078, 105, 392, 645, 2077, 122
268-169|369|369, 189, 1009, 142, 124, 388, 527, 254, 179, 367
269-1629|154|364, 769, 768, 1752
270-1517|794, 198, 1420, 1697|436, 198, 92, 8, 417, 12, 6, 112, 502, 167
271-3476|2080|2079, 2080
272-3474|2082, 2080|2081, 2080, 2082, 2079
273-3474|2082, 2080|2081, 2080, 2082, 2079
274-234|469, 2083, 42|2083, 469, 471
275-2803|248, 1710, 1747|254, 1403, 414, 666, 533, 64, 1783, 1657, 26, 1259
276-3476|198, 2080|2081, 2084, 167, 2080, 198
277-269|6, 5|5, 6
278-2406|595, 35|35, 595
279-276|106, 62, 107, 410, 2, 4, 122, 408, 523, 188, 477, 49|107, 49, 523, 117, 122, 47, 4, 45, 246, 477
280-1381|208, 2469|208, 47, 542, 363, 917, 180, 372, 247, 477, 219
281-1857|175|796, 52, 1441, 794, 175, 188, 150, 492, 6, 1918
282-2575|188|2098, 478
283-490|87|469, 42, 1857, 471
284-1721|29, 1009, 254|72, 2099, 214, 217, 902, 2, 1190, 922, 1009, 556
285-3312|1450, 35, 1942, 654, 1394, 2850|2100, 2103, 2104, 35, 37, 1096, 39, 454, 2102, 2101
286-3817|596, 46, 2542|1689, 1696, 1096, 1129, 2106, 1079, 49, 1346, 1099, 94
287-533|45|49, 47, 163, 609, 5, 395, 59
288-1508|826|826
289-3470|1761|1761, 1760
290-1966|117, 2107, 1281, 2108, 1283|1283, 2107, 2108, 117, 153, 181, 1053, 32, 733
291-2069|172, 45, 29, 463, 683, 1347, 1059, 73, 103, 179, 5|240, 690, 293, 461, 217, 686, 2110, 2109, 92
292-2090|1420|62, 198, 8, 1325, 794, 50, 1326, 1420, 560
293-1788|1114|15, 2111, 819, 916, 815, 20, 898
294-3459|35, 1366, 5|5, 39, 1423, 1010, 517, 24, 1606, 1628, 27, 23
295-1805|2, 79, 113|144, 79, 78, 29, 2, 1003, 254, 113, 2113, 1233
296-3874|359|423, 246, 359, 942, 1320
297-2432|1457, 3, 57, 15, 1747|746, 1190, 24, 833, 354, 1569, 505, 621, 1529, 924
298-110|1094|85, 800, 1121, 1127, 702, 1514, 1482, 1521, 1500, 1492
299-3855|2117, 304|304, 2117
300-1297|902, 217, 2118, 2119, 32|2119, 2118, 217, 800, 221, 1684, 152, 6, 2, 1124
301-1319|1277|42, 1324, 62, 65, 32, 30, 605, 606, 6, 2121
302-71|1631|1631, 659, 396, 279, 122, 17, 145, 45, 1200, 210
303-2063|659, 313, 660|660, 313, 659, 189, 84
304-3873|171, 2096|2127, 2129, 1210, 2130, 532, 65, 156, 2131, 2128, 208
305-3531|2132, 2133, 179|179, 2133, 2132
306-1061|239, 999, 582, 1000, 813|49, 47, 1365, 94, 817, 245, 239
307-3229|110|717, 5, 26
308-4353|2, 971|5, 49, 47, 254, 45, 6, 68, 105, 638, 436
309-2101|64, 1111, 142, 342, 1724|342, 142, 266, 1275, 898, 1111, 1547, 903, 776, 1455
310-878|247|467, 247, 2141, 208, 2094, 2135, 2144, 519, 2073, 2134
311-3808|93|1094, 93, 388, 389, 1130, 1684, 38, 1050, 252, 47
312-3504|206, 2146|2146, 206
313-3801|1946|2126, 42, 142, 68
314-1682|49|122, 49, 126, 17, 45, 117, 2147, 35, 12, 6
315-502|1145|14, 32, 266, 256, 85, 625, 593, 322, 5, 342
316-2512|1009, 1620|1620, 266, 335, 103, 85, 2053, 2149, 733, 2148
317-2023|2117, 304|1610, 2117, 304, 1627, 1620, 141, 228, 668, 1618
318-1915|469, 436, 2151|469, 2151, 2150, 1060, 383, 808
319-1100|906, 527|527, 906
320-806|801|854, 68, 801, 2152, 6, 418, 2153, 797, 32
321-1952|1597|207, 801, 32
322-187|1094|1094, 2076, 1240, 970, 374, 243, 52, 478
323-2058|195, 1664|45, 94, 47, 254, 453, 1615, 2156, 246, 2155, 236
324-1943|905|1300, 1553, 189, 618, 673
325-65|2513|704, 2157, 1662, 49, 45, 2
326-810|826|826
327-2520|93|93, 45, 254, 26, 64, 621, 555, 2158
328-4159|102, 2160, 2161, 2164|2161, 2166, 2160, 2163, 2164, 2171, 181, 2162, 295, 2169
329-2868|2172|2181, 2172, 2182, 2179, 2175, 2174, 2173, 2176, 496, 824
330-1673|645, 978, 14|1453, 14, 978, 645, 2197, 1181, 1015, 627, 2196, 2195
331-428|50, 126, 511, 246|35, 49, 408, 63, 313, 948, 391
332-388|32, 717|14, 31, 6, 85, 565, 105
333-68|125, 122, 22|22, 286, 296, 149, 64, 21, 20
334-2481|402, 38|2155, 253, 228, 838, 1130
335-3579|79|79, 52, 2198, 68
336-3547|1610, 1029|1029, 1610
337-2361|1752, 768, 1755, 1751, 2200, 1347|2200, 1347, 1751, 1755, 768, 1752, 2199, 246
338-3578|1610, 2201|2201, 1610
339-26|1161|1161, 645, 1157, 46, 1137, 35, 512, 1139, 1138, 371
340-2829|2311|2202, 1610, 228
341-119|50, 128, 713, 47|47, 978, 370, 156, 595, 424, 256, 85, 488, 49
342-420|2206, 48, 65, 84|42, 84, 31, 2204, 163, 92, 397, 171, 392, 105
343-1023|2211|2210, 2211, 1199
344-1832|228, 2212|1610, 2212, 228
345-3663|2213, 335, 301, 158, 1129, 654|2213, 2, 26, 29, 144, 63, 2215, 6, 221, 2243
346-3612|2213, 574, 2068|2213, 63, 2249, 2250, 227, 1129, 1882, 2307, 2308, 976
347-3588|2213, 2238, 501|2213, 488, 1812, 85, 395, 2352, 2345, 48, 2279, 2278
348-3645|29, 144|2213, 1199, 144, 339, 337, 29, 2376, 268, 1192, 2358
349-3708|2362, 2213, 2363, 2364, 2365, 2366, 2353|2213, 177, 2373, 2336, 2339, 2338, 2450, 898, 2337, 1882
350-3765|67, 2213, 1359, 1141, 23|2213, 17, 29, 354, 128, 2468, 256, 364, 903, 548
351-3692|2213, 1229, 2235|2213, 364, 2423, 48, 2235, 1032, 404, 72, 214, 63
352-911|505, 902, 903, 266|13, 1144, 5, 6, 14, 240, 1804, 1723, 1472, 707
353-3628|1915, 2213, 512, 2466, 2126|2213, 1915, 144, 1689, 113, 1691, 1129, 2466, 29, 531
354-3679|2213, 1084, 548|2213, 29, 266, 256, 903, 548, 917, 308, 884, 354
355-3662|2492, 2459, 2213|2230, 72, 2213, 2235, 404, 214, 1776, 64, 29, 144
356-3737|2231, 2422, 2213|2213, 1129, 1915, 1882, 488, 1776, 2499, 2455, 1685, 2352
357-1405|886, 2213, 144|2213, 488, 29, 144, 623, 217, 6, 975, 331, 2327
358-3592|2213, 72, 2322|2213, 1032, 92, 1129, 1913, 48, 446, 23, 1141, 2488
359-3754|85, 2463|2511, 92, 1129, 48, 2304, 2423, 488, 1691, 2316, 1651
360-3737|2458, 2213, 103|2213, 152, 500, 298, 1776, 1129, 2301, 551, 1685, 2352
361-2479|35|370, 478, 179, 454, 353, 500
362-1928|2, 454, 2106, 313, 35, 717|65, 2514, 2512, 2, 50, 2071, 1802, 35, 903, 1158
363-276|2213, 408, 1129, 49|2213, 606, 63, 2515, 2, 1776, 152, 2233, 146, 137
364-2453|1346, 35, 2518|2518, 49, 371, 1899, 114, 455, 635, 1346, 122, 596
365-1154|1592|851, 26, 64, 1266, 206, 242, 123, 395, 774, 2520
366-3767|2213|2213, 29, 144, 6, 64, 254, 1982, 1799, 551, 239
367-783|432, 2521, 759, 582, 755, 163|13, 1022, 2521, 645, 149, 1804, 241, 593, 528, 364
368-966|841|1570, 2382, 2522, 113, 841, 528, 2474, 1453
369-3324|2523|2523, 615, 49, 371, 114, 2229
370-1252|1410|1410
371-3825|154, 568, 898, 512, 149|13, 241, 645, 2526, 6, 2527, 2528, 5, 1006, 425
372-3784|1848|1315, 488, 47, 48
373-3455|295, 2530, 2167, 2163, 2164, 2160, 2166|2166, 2530, 2160, 2163, 2164, 117, 2169, 2171, 2167, 2168
374-725|63, 2531|2531, 800, 105, 163, 1308, 1121, 702, 1002, 582, 572
375-4355|1854, 14, 2532, 1236|1854, 645, 2532, 2533, 7, 247, 948
376-2583|835, 1795|1445, 1447, 2535, 2534, 35, 49, 649, 2152, 2495, 1129
377-3789|216, 345|832, 644, 1620, 188, 149, 659, 2468, 737, 733, 314
378-1889|52, 2008, 501|501, 2008, 52, 345, 1887, 214, 405, 2, 15, 490
379-103|45, 254, 64, 26, 167, 93|64, 26, 398, 93, 500, 45, 79, 2490, 484, 732
380-2072|1664, 5|79, 528, 645, 515, 5, 85, 764, 154, 47, 49
381-9|34, 6, 24, 36|1173, 46, 1060, 644, 676, 154, 14, 1253, 49, 48
382-798|1485, 1482, 1514|342, 446, 905, 296, 40, 154, 1301, 1297, 895, 1300
383-1146|968, 1425|968, 5, 645, 63, 1044, 144, 766, 506, 1662, 787
384-3811|2544, 2545, 968|968, 2545, 2544, 6, 83, 5, 247, 499, 144, 2543
385-4045|2549|2546, 1275, 344, 1588, 631, 342, 2510, 446, 223, 463
386-1817|1170, 79, 163, 188|188, 228, 948, 863, 1293, 432, 29, 5, 14, 2142
387-2450|191|163, 191, 1955, 48, 31
388-3826|141, 1239, 242, 253, 1838, 236, 298, 35|141, 1858, 219, 354, 863, 382, 253, 236, 242, 662
389-1886|794, 52|40, 48, 50, 5, 98, 1650, 46, 1330, 237, 432
390-2364|1754|1206, 13, 241, 498, 568, 645, 1521, 1891, 245, 1894
391-2479|35|35, 2518, 1836, 253, 6, 2213, 1839, 970, 382, 455
392-1065|1006|13, 1527, 676, 1907, 913, 36, 1754, 495, 911, 1033
393-458|2, 6, 906, 250, 259|1818, 5, 6, 30, 32, 2548
394-3871|687, 1047, 511|49, 47, 409, 188, 171, 1717, 1047, 29, 485, 1812
395-2000|715, 32|282, 806, 6, 353, 715
396-4077|29, 339, 2553|1447, 1835, 2552, 517, 976, 1477, 353, 2553, 29
397-4116|500, 1173, 189|645, 112, 35, 455, 335, 206, 1173, 27, 1130, 939
398-3847|179|2556, 179, 153
399-3853|484, 2558|2558, 2557, 2560, 1158, 2561, 179, 2559
400-3852|2561|2557, 2560, 1158, 179, 484, 2559
401-3322|2570, 81|26, 881, 2562, 68, 74, 638, 1857, 1667, 648, 264
402-3859|141, 1696, 341, 280, 2106, 2565, 1346, 1620|2565, 280, 2564, 2566, 341, 2567, 1346, 2106, 1696, 141
403-2425|659, 1789|1878, 84, 46, 511, 490
404-739|2568|2568, 2573, 2572, 2569, 43, 191, 2571, 31, 1236, 599
405-981|50, 29, 85, 144, 361|144, 29, 985, 2436, 2250, 2229, 14, 1476, 667
406-3915|107|107
407-3915|2574|2574
408-4355|2533, 247, 2532|5, 645, 2575, 247, 246
409-855|853, 851, 665|73, 252, 64
410-3539|2436, 2268, 1129|1776, 188, 1129, 144, 29, 2268, 2436
411-190|1129|985, 1032, 2436, 1060
412-1353|1915, 1776, 978, 14|2253, 2436, 2294, 488, 1129, 1776, 144, 1915, 29
413-821|35|1346, 35, 1079, 1077
414-3789|216, 768|768, 189, 550, 149, 769, 770, 154, 1147, 1347
415-2368|117, 92, 1734|295, 389, 311, 815, 776, 2576, 1271, 319, 156, 2577
416-1033|2579|2579
417-59|1094|1094, 68, 863
418-1740|2435, 2580, 113|2580, 113, 2435, 2068
419-2096|154, 32, 1722, 47, 221|85, 15, 361, 246, 60, 47, 45, 308, 171, 50
420-1707|1016|512, 2582, 774, 35, 6, 638, 129, 1016, 1817, 225
421-1934|171|171, 14, 6, 1347, 768, 1129
422-3578|228, 616, 467|2584, 68, 1615, 2585, 2586, 411, 774, 228, 77, 747
423-1615|1060|1060, 14, 707, 45, 1157, 5, 6, 13, 240
424-286|107|93, 107, 2588, 854, 142, 995, 2313, 546, 484, 644
425-3502|2591, 2106, 1096, 1079|1096, 2591, 597, 122, 403, 1129, 967, 1689, 1696
426-3319|810, 1405, 793|335, 1273, 2468, 353, 733, 1219, 1431, 179, 1655, 810
427-2049|2593|2593, 2594, 1453, 593, 1454, 1448, 63, 2474, 1434, 1229
428-3573|107|93, 107, 2590, 141, 79, 2587, 484, 2588, 219, 2589
429-1731|280|280
430-109|92, 6, 5|206, 2109, 92, 149, 392
431-3796|1094|1094, 2596, 1601, 2595, 1964, 512, 409, 1003, 1954, 1679
432-1365|2597|2597, 796, 795, 246, 727, 35, 247, 634, 47, 1798
433-3594|877, 1859|570, 1859, 877, 188, 2603, 208, 42, 2599, 2600, 5
434-827|2773, 846, 820|829, 1952, 811
435-2085|1188|35, 645, 1023, 1838, 1605, 252, 383, 1188, 1094
436-1335|246, 46, 293|5, 247, 188, 2, 246, 45, 208
437-1832|228, 1610, 1394|228, 1610, 1394, 1046, 2586, 1249, 411, 2212, 2605, 2065
438-4040|154, 233, 892, 2755|477, 2606, 1033, 286, 24, 98, 228, 1680, 40, 689
439-242|191, 192, 40, 64|64, 40, 192, 191
440-225|1145|1145, 957, 645, 1151
441-3453|282, 620, 2621, 207, 807|207, 35, 253, 2618, 1383, 1763, 620, 2617, 282, 39
442-1013|2627, 1678|1678, 2627
443-4356|107, 895, 2632|107, 2629, 39, 2628, 5, 113, 2632, 1142, 2631, 707
444-4354|1434, 2634|2551, 1434, 596, 737, 1077, 1199, 2634, 595, 46, 2382
445-3496|2100|2100, 2103, 2101, 2102
446-957|794, 239, 323, 241, 568|13, 281, 906, 241, 794, 311, 78, 323, 1270, 1144
447-2393|47|47, 2592, 2636, 135, 1378, 556, 1578, 170, 50, 692
448-971|1094|14, 1194, 582, 5, 1507, 1505, 1491, 1485, 1508, 520
449-2787|2, 1578|244, 391, 243, 78, 660, 686, 32
450-764|243, 557|796, 795, 1244, 740
451-2485|1448|177, 1448, 2633, 858
452-3827|2551, 627, 46, 47|115, 155, 59, 49, 60, 5, 47, 865
453-3909|1589|2197, 1453, 1445, 1036, 35, 2551, 595
454-3913|2638|2638
455-3860|82|2281, 2639, 2640
456-122|107, 287, 348, 185, 186, 289|2, 5, 217, 2073, 1680, 40, 689, 152, 84, 882
457-3865|2642|2642, 2641, 142, 655, 1946, 26
458-2566|85, 2122|1880, 645, 298, 401, 402, 608, 948, 2152, 1841, 382
459-3920|184, 107, 1420|181, 1059, 2649, 2645, 2643, 1420, 2648, 107, 2647, 2646
460-3481|250, 477, 49|352, 2485, 1583, 418, 2650, 1366, 6, 751
461-3877|556, 2582|2582, 556, 822, 1444
462-2005|645|2651, 645, 222
463-1329|634, 15|79, 188, 664, 65, 560, 488, 69, 1158, 369, 889
464-1859|50, 51, 638, 1540|739, 644, 85, 348, 206
465-560|32, 823|2652, 44, 54, 31, 29, 549, 582, 113, 107, 1738
466-546|582, 1829, 1087, 1667, 113, 1060|1060, 14, 49, 217, 1689, 60, 1753, 514, 587, 286
467-4356|107, 1651, 286|39, 107, 196, 114, 131
468-539|1094|1094, 2343, 206
469-3926|556, 2536, 906, 171, 2192|2192, 171, 906, 2536, 556, 144, 29
470-873|864, 242, 47|242, 1129, 189, 47, 659, 1553, 79, 1788, 1525, 470
471-550|247, 65, 254, 113|206, 774, 1418, 223, 800, 1951, 1622
472-1392|1094|1094, 6, 649, 1812, 568, 1753, 2479, 1342, 645, 240
473-3873|6, 746|746, 1347, 961, 519, 1256, 1976, 23, 1212, 6
474-3479|49, 463, 47|47, 2655, 50, 49, 5, 14, 68, 463, 2657, 2656
475-109|6, 2658, 5|2658, 528, 582, 130, 5, 179
476-530|1408, 101, 2659, 47|2659, 47, 45, 59, 2660, 49, 167, 254, 141, 416
477-1944|1896|247, 926, 163, 2662, 2661, 308, 342, 503, 1037, 313
478-250|2590, 93|93, 2590, 995
479-1601|48, 986, 1656, 84, 457|29, 144, 457, 51, 363, 21, 1238, 1335, 221, 512
480-2460|60|1697, 48, 78, 1797, 1333, 1650, 581, 712, 156, 1539
481-3908|107|107, 2629, 39, 2628, 2463, 1902, 1097, 776, 2630
482-661|85|141, 157, 112, 2663
483-4357|107, 2665, 280, 254, 40, 64, 93|107, 280, 204, 40, 64, 154, 462, 45, 468, 466
484-2455|1825, 1376|1825, 1823, 130, 512, 740, 52, 180, 47, 2673, 862
485-1011|670, 630|365, 48, 32, 1548, 670, 254
486-1893|905, 311, 1552|117, 253, 35, 2676, 880, 102, 477, 282, 184, 106
487-2030|2575|498, 1606, 2575
488-569|107, 942, 47|47, 49, 52, 107, 42, 365, 48, 794, 59, 110
489-1215|917, 15, 47|49, 47, 59, 2, 794, 15, 32, 221, 107, 2680
490-2551|13|13, 240, 926, 2683, 2516, 1888, 1751, 2682, 1896, 795
491-3942|92, 26|45, 5, 6, 29, 64, 1648, 15, 144, 128, 172
492-1245|815|815, 746
493-350|1427|2, 560, 1427, 354, 63, 42, 293, 2685, 2687, 45
494-1562|1300|39, 5, 354, 85, 673, 12, 6, 502, 396, 776
495-3950|3690, 487|641, 29, 2639, 2640, 48, 79
496-1456|2313, 14, 47|47, 2688, 791, 135, 1079, 2689, 1643, 153, 2313, 1640
497-368|1094|1094, 163, 755, 759, 1929, 754, 544, 926, 1896, 2690
498-1961|228, 1046, 94, 863, 498, 1566|1566, 498, 35, 1099, 1564, 1557, 107, 5, 47, 1567
499-3968|2739|2710, 2722, 2696, 2711, 2697, 2405, 1193, 2739, 2723, 2721
500-4038|181, 2741, 2743|2741, 2745, 2746, 181, 2740, 117, 2742, 106, 2743, 102
501-4028|117, 2741, 2748, 2746, 2742, 3641, 2749|2749, 2748, 2741, 2746, 181, 117, 2752, 2742, 2745, 102
502-5|222, 2179|2753, 402, 2754, 2179, 994, 188, 1074, 93, 1059, 482
503-361|45, 61, 63, 1427|124, 250, 562, 564, 308, 2562, 254, 142, 26, 45
504-557|599, 547, 47, 5|59, 5, 52, 939, 47, 994, 313, 79, 1436, 794
505-234|153, 254, 1357|254, 47, 45, 49, 63, 122, 246, 1421, 648, 163
506-3858|154, 2567, 2756, 64|2756, 829, 1010, 103, 1732, 905, 820
507-4044|184, 2757, 2759|2757, 1318, 319, 604, 2758
508-4043|2758, 2757, 604|2757, 2759, 184, 319, 604, 2758, 1318
509-1732|65|2760, 313
510-1288|2650|2650, 791
511-378|79, 406|79
512-4045|107, 511|2761, 511, 107, 147
513-262|106, 2, 29, 63, 144, 246, 408|50, 794, 59, 1697, 1129, 51, 47, 1710, 117, 246
514-1796|1737, 102|313, 184, 325, 463
515-1023|2762, 2763|2763, 2762
516-311|2130|204, 644, 280, 107, 448, 49, 63, 113, 353, 466
517-349|2764, 725|2764, 2765, 939, 44, 710, 1009, 29, 247, 188, 582
518-244|171, 239|735, 710, 14, 655, 732, 313, 29, 31, 341, 5
519-1640|736, 93|93, 736, 1818, 254, 666
520-3500|403, 52|794, 51, 50, 246, 403, 454
521-3952|655|655, 64, 340, 1541, 78, 733, 354, 342
522-814|2767|2767, 2768, 2769, 2770, 655, 2610, 2640, 1413, 509, 85
523-2007|794, 2106|1094, 2316
524-1564|1306, 1296, 1307, 1297, 1294|107, 1305, 1293, 1304, 1303, 1302, 6
525-4052|107, 6, 1294|6, 107, 1305, 970, 1293, 1304, 1303, 1302, 1294
526-3537|130, 6, 14, 5, 1157|5, 1157, 171, 201, 6
527-140|203, 45, 194, 461, 26|266, 85, 50, 49, 197, 14, 408
528-4052|107, 1293|107, 1293, 815, 1294, 1240, 1297, 1296, 354, 286, 6
529-3466|184, 2771, 2074, 939|2771, 2075, 2074, 184, 117, 939, 181
530-242|32, 582, 14, 105, 149|582, 44, 65, 32, 2157, 247, 113, 14, 485, 85
531-14|49|49, 47, 126, 45, 50, 51, 638, 113, 52, 246
532-3568|2772, 831, 611, 819|179, 335, 32, 154, 2772
533-180|14, 113|5, 582, 124, 349, 1148, 44, 191, 47, 715
534-1668|645|354, 485, 1103, 2663, 620, 1805, 242, 85
535-134|60, 1390, 655, 2829|715, 1699, 437, 649, 39, 242, 655, 926, 122
536-4050|2362, 1025, 654, 2058|2767, 85, 2022, 103, 1732, 905, 1996, 829, 354, 1082
537-1502|973, 494|45, 204, 465, 280, 107, 40, 357, 70, 462, 170
538-113|29, 1849, 178, 180, 179, 143, 47|1849, 47, 50, 163, 45, 126, 29, 1158, 170, 1324
539-109|6, 645, 14|149, 105, 14, 582, 32, 49, 47, 376, 246, 375
540-2082|163, 1200, 392|1200, 105, 163, 49, 14, 5, 6, 206, 398, 2775
541-167|2776|2776, 1173, 1022, 766, 60, 133, 693, 65, 531, 2
542-4058|2200, 2777|2777, 65, 1058, 2200
543-2420|731|64, 191, 731, 40, 84, 47, 1308
544-2573|1180, 18, 48, 206|94, 1180, 572, 220, 206, 217, 1179, 1173, 84, 135
545-1815|184, 1523, 29, 79, 213|213, 79, 1523, 184, 42, 1953
546-2632|258, 2, 1356, 29, 859, 340, 1814, 179, 1727, 611, 490, 1756, 686, 313, 660|490, 1356, 142, 660, 1273, 225, 659, 812, 65, 313
547-2610|85, 1921, 2024, 2021|820, 517, 893, 863, 5, 85, 69, 2630, 47, 114
548-767|2778, 2780, 2779|2778, 2779, 2780, 221, 614, 560, 171, 6, 889, 14
549-280|154, 40, 296, 425, 22|22, 363, 582, 1530, 1110, 948, 366, 123, 247, 2630
550-235|206|47, 477, 246, 49, 2125, 457, 144, 29, 488, 206
551-4300|2781, 2782|2782, 2781, 1449, 595
552-2489|1854|1854, 5, 800, 884, 760, 278, 84, 799, 997
553-4355|1854, 14|1854, 14, 1145, 904, 1173, 463, 2783
554-458|6, 906, 1854, 259|756, 14, 2784, 1854, 485
555-3498|2100, 2103|2100, 2103, 2102, 2101
556-4357|107, 45, 2665, 41, 64, 26, 138|93, 107, 462, 280, 138, 41, 204, 464, 452, 2774
557-1496|239, 246, 47|150, 198, 1334, 1544, 79, 794
558-4115|1852, 2785, 1853, 2786, 2788, 2787, 1852, 2789|2787, 1852, 2789, 2788, 2786, 1853, 2785
559-103|469, 1947, 1948|1950, 2570, 1948, 124, 2466, 654, 469
560-1434|462, 1182, 1339|140, 2790, 206, 2559, 939, 107, 213, 1180, 102, 500
561-4118|281, 868, 2793|2794, 2793, 281, 2795, 117, 181, 2797, 2796, 1428, 2798
562-3859|696, 2117, 304|2801, 304, 2117, 242, 2802, 1627, 696
563-4320|2803, 2812, 2804, 2805, 2807|2803, 2805, 2804, 2809, 2808, 2817, 2816, 2806, 2815, 2814
564-978|179, 266|179, 1041, 17, 23, 1132, 1620, 1009, 85, 29, 1368
565-1911|1557, 634|2529, 498, 863, 1099, 634, 1557
566-3852|2561, 1200|1200, 2556, 2092, 2350, 2557
567-1214|219, 68, 2058|1029, 2058, 715, 219, 2282, 1181, 1328, 1947
568-541|535, 32, 14|49, 122, 117, 144, 63, 2, 278, 73, 334, 333
569-3876|2819, 1763, 2257|2819, 2821, 2820, 35, 2782, 1843, 1796, 94, 49, 1096
570-4142|1094|1094
571-1052|1403, 487, 994, 3652|59, 217, 92, 320, 79, 755, 220, 39
572-900|961|645, 1094
573-2728|1094|1094
574-622|677, 2549, 514|6, 1430, 154, 889, 5, 1022, 528, 1804, 1060, 293
575-4149|1094|1094, 2145
576-4299|8, 2018, 237|8, 225, 15
577-1016|271, 225, 812, 85, 247, 273, 6, 40, 266, 5, 717|717, 812, 225, 6, 5, 26, 64, 45, 93, 898
578-2082|582, 2822, 2823, 1074|2823, 2822, 582, 1074
579-1187|1094|1094, 189, 717, 5, 461, 13, 85, 644
580-3910|1094|1094
581-2825|490|23, 29, 490
582-4354|1448, 2634|1773, 1448
583-1318|60, 224, 1130, 213, 2825, 357|357, 213, 2825, 1130, 224, 60, 215, 1681, 2810, 78
584-3472|462, 436, 213, 345|357, 213, 313, 215, 2824, 2827, 2826, 61
585-3920|184, 2649, 1059|181, 1420, 2645, 2647, 107, 1059, 2649, 2648, 264, 2646
586-104|1240|49, 47, 45, 371, 256, 361, 416, 372, 85, 17
587-3472|417|107
588-1811|519, 634, 64|466, 45, 14, 101, 468, 1610, 280, 228, 98, 1608
589-149|1030|1030
590-2525|498, 2519|2519, 498, 189, 188, 63, 607, 217
591-1035|85, 45, 958, 808|1259, 377, 42, 242, 1953, 666, 15, 2785, 378, 45
592-763|2831, 735, 554, 553|735, 2831, 2830, 1927, 113, 553, 48, 934, 1548, 670
593-149|794, 2094, 47|47, 2832, 732, 1238, 582, 2094, 794, 79
594-3910|663|737, 85, 254, 836, 835, 579, 21, 2801, 545, 1920
595-1788|1094|1094, 2199, 2835, 42, 60, 48, 906, 2834, 2833
596-3770|2609|2152, 2281
597-2033|715, 282, 253, 2607, 2116, 376|282, 2608, 2607, 141, 35, 102, 2153, 281, 311
598-1578|45, 114, 47, 49|14, 49, 47, 158, 242, 1613, 628, 667, 105, 52
599-242|489, 262|262, 163, 738, 2684, 1094, 1110, 489
600-1140|378, 1808, 43|582, 378, 94
601-3930|1094|1094
602-2597|128|592, 32, 2836, 1758, 898, 641, 367, 538, 128
603-388|484|731, 484, 1676, 717, 554, 43, 2635, 1527, 2570, 48
604-681|94, 335, 841, 1201|1775, 94, 6, 14, 2334, 478, 2653, 2837, 18, 1100
605-4200|1358, 3028, 3029, 1943, 2002, 3030, 3031, 3032, 2857, 3033, 3034, 3035, 3036|1943, 2857, 2855, 2611, 2866, 2892, 2972, 574, 2964, 2959
606-4282|1448, 595, 3059, 1943, 1599, 3022, 2982, 3606, 2634, 1598, 3038, 3024|1943, 2862, 3135, 2621, 2955, 3061, 3112, 2857, 2855, 303
607-2131|3562, 354|354, 3562
608-4268|2979, 3019, 1943, 3536, 3537, 3538|1943, 2906, 2964, 3018, 3325, 2985, 2981, 2982, 2857, 3389
609-4206|1448, 3059, 1943, 1599, 3022, 3025, 2634, 3024, 3060|1943, 2979, 3019, 3018, 2985, 3325, 2906, 2982, 2964, 2981
610-571|789|254, 124, 808, 3608, 369, 1422, 1354, 391, 1158, 3607
611-3830|365, 149|188, 1037, 2775, 3610, 3609, 72, 548, 154, 576
612-527|163, 395, 5|163, 49, 395, 79, 362, 197, 247, 171
613-124|29, 154, 144, 84|47, 49, 94, 14, 65, 153, 40, 154, 48, 79
614-3883|3611, 376|3611, 3612, 1687, 1672, 376, 373, 1569, 1391
615-1337|246|246, 29, 1450, 403, 6, 113
616-4299|107, 3613|3613, 107
617-4081|3616, 207|3614, 2997, 207, 3615, 1424, 206, 1464, 1091, 3616, 113
618-750|1094|1094, 65
619-9|36|342, 528, 48, 2653, 2837, 2110
620-4156|213, 2790|2790, 213
621-2750|1937, 360, 813|1959, 2148, 1937, 15, 750, 340, 556, 2772, 1900
622-1758|683, 32, 880, 848|254, 93, 1329, 917, 733, 1130, 45
623-398|644, 1667|2700, 1094
624-4081|3615|3615, 3614
625-1023|3633, 1001, 3634, 3617, 3618, 3619|3620, 3621, 3629, 3634, 2300, 3632, 23, 3636, 3456, 3631
626-1000|79|79, 664, 1443, 1553, 895, 1900
627-793|432, 588, 589|242, 206, 64, 14, 774, 1418
628-4303|462, 2746|2741, 2746, 181, 2745, 2740, 2743, 2748, 2749, 102, 2751
629-697|1667|3612
630-823|50, 47, 49|47, 645, 13, 14, 1100, 49, 48, 1425, 1086, 143
631-1943|3645|1087, 3645, 3644, 1088, 1060, 707
632-1353|14|50, 206, 64, 247, 254, 1552, 342, 446, 905, 416
633-623|313, 189|189, 567, 812, 225, 659, 123, 2, 367, 859
634-4310|1094|1094
635-3815|254|254, 170, 67, 239, 30, 32, 388, 582, 5, 562
636-812|1095|207, 2614, 2608, 1104, 2845, 2840, 1372, 1095, 282, 2618
637-3931|154, 528|3646, 528, 14, 46, 48, 2837, 2110, 911, 713, 914
638-307|59, 92, 145|446, 344, 64, 342, 713, 341, 1130, 3647, 491, 6
639-347|3648, 1714, 1100, 278, 2463|1100, 3648, 278, 480, 1714, 1060, 147
640-1505|59, 794, 114|213, 458, 462, 3651, 3650, 3649, 2825, 1130, 224, 138
641-3360|224, 1132, 1130, 213, 357, 221|357, 213, 1130, 224, 478, 3647, 30, 32, 426, 3649
642-620|45, 159, 160, 47, 49|47, 45, 64, 21, 20, 495, 496, 14, 254, 156
643-3360|224, 1130, 689, 213, 2825, 426|265, 426, 2825, 213, 689, 1130, 224
644-189|1181, 3653|3653, 1199, 2501, 29, 1776, 1181
645-330|79, 163, 1384, 1688, 1238|49, 1083, 14, 205, 374, 1691
646-2492|239, 378, 15|32, 2063, 1543, 15
647-2506|1040, 745, 156, 1808|1543, 1808, 1040, 82, 989, 3654, 2063, 15, 2570, 276
648-1944|1094|1094
649-2576|6, 13, 926, 676, 1684|1094, 2783, 290, 201, 1174
650-1408|144, 1445, 2257|46
651-777|889, 914, 6, 755|189, 6, 179, 2630, 616, 221, 116, 746, 286, 1895
652-3908|224, 440, 85, 3656, 308, 528|3656, 440, 224, 452, 1663, 141, 456, 46, 381, 45
653-770|3657, 1148|64, 3657, 191, 1815, 582, 262, 1060, 14, 29
654-1023|2773, 1431, 540|3640, 3639, 23, 103, 3626, 811
655-973|517|48, 47, 1765, 246, 14, 1037, 247, 46, 368, 2487
656-837|298, 207, 237|298, 207
657-1370|2097|2097, 2104, 3658, 2096, 2, 1918, 1691, 1254, 733, 254
658-335|22|22, 3660, 984, 332, 338, 3662, 2835, 3664, 107, 3661
659-22|2, 3, 638, 6, 77, 259|357, 285, 303, 152, 688, 488, 553, 30, 32
660-115|3674|3674, 49, 1275, 2773, 1701, 59
661-3886|1094|1094
662-342|154, 270, 108, 40, 425|206, 572, 591, 590, 213, 94, 5, 47, 487, 458
663-3802|560, 64, 26, 167, 1946|357, 213, 462, 3675, 2824, 2826, 261, 210
664-4328|107|107
665-4327|107|107
666-4328|1240|107
667-3807|2540, 41, 254, 2228, 138|138, 41, 45, 357, 462, 464, 42, 452, 89, 40
668-4351|462, 213, 89, 357|357, 213, 462, 2826, 3676, 2824
669-4357|107, 2665, 41, 64, 26|107, 45, 26, 138, 254, 41, 186, 452, 2665, 2522
670-434|239|254, 79, 1673, 745
671-398|3677|3677
672-4351|462, 2824, 213, 89, 357|357, 213, 462, 2824, 2826, 3675, 3676
673-4339|45, 6, 570, 3681, 31, 3679, 3683|396, 422, 1288, 3678, 419
674-1853|1094|1094
675-4315|3670, 3294|3670
676-4339|107, 45, 462, 6, 570, 3681, 31, 3679, 3683|107, 142, 1179, 239, 3681, 3679, 3680, 2131
677-3319|1123, 1059, 820|820, 1059, 1123
678-1057|32, 641, 30, 1128|378, 365, 42, 254, 641, 2284, 1128, 26, 226, 3652
679-1797|1094|1094
680-1601|1094|1094
681-2333|142, 342, 848, 15|64, 342, 24, 532
682-4303|107|107, 3643, 3642, 337
683-253|29, 277|5, 6, 49, 46, 1023, 103, 85
684-4097|29, 2553, 620, 207, 2361|1094
685-3835|1763, 207, 2612|35, 620, 207, 2361, 2553, 29, 806, 3682
686-3937|107, 1807|1807, 2774
687-793|2114, 1389|1389, 2114
688-4358|107, 3684|107, 154, 5, 6, 1430, 3684, 3680, 3681, 111, 645
689-4356|107, 2631, 2632|2632, 1379, 39, 2631, 107, 2629, 85, 2664
690-4330|107, 224, 6, 1158, 3685, 1580|107, 224, 3685, 1617, 221, 49, 48, 1230, 138, 970
691-4347|107|174, 3687, 3688, 3689, 3686
692-4348|341, 85, 1664, 279|2148, 3687, 3688, 2755, 2053, 3689, 64, 699, 477, 621
693-9|36|463, 26, 713, 815, 354
694-1872|474|795, 63
695-292|10, 12, 430, 26|2775, 390, 254
696-4047|193, 1130, 221|1130, 5, 3691, 173, 174, 397, 206, 26, 191, 2157
697-1944|1094|1094, 240
698-4334|107|107
699-4148|107|107
700-4134|29, 338, 1211, 1192, 1193|1193, 22, 3660, 3659, 29, 3662, 562, 3661, 2808, 338
701-3878|247, 1129|1060, 1129, 247, 904, 1862, 385
702-242|3693, 239, 3692, 461, 14, 1534, 717, 189|3692, 717, 189, 461, 85, 335, 917, 78, 221, 116
703-4358|107, 18, 6, 5, 1238|107, 31, 489, 85, 3680, 5, 395, 642
704-4358|107, 794, 18, 42, 5, 1238|107, 85, 31, 489, 2654, 1430, 570, 154, 3680, 559
705-4298|107|107
706-3810|2539, 188|2775, 990, 408, 1316, 32, 63, 59, 2309, 84, 48
707-4329|2665, 2826, 213, 357|213, 2665, 357, 2824, 2827, 3675, 2826, 89, 367
708-4337|107, 101|107
