0-3909|2, 3, 353, 335, 396|1589, 2
1-570|45, 462, 280, 466, 634, 467, 40|40, 467, 466, 462, 45, 107, 226, 154, 280, 225
2-174|73, 1254, 472|73, 254, 464, 1357, 1353, 170, 297, 4, 259, 258
3-5|459, 462, 460, 0, 22|22, 332, 3660, 336, 21, 20, 64, 331, 330, 329
4-314|107, 462, 468, 40|40, 468, 280, 462, 107
5-1662|1886, 13|13, 1886, 1060, 171, 645
6-124|409|144, 1129, 188, 29, 2213, 189, 1870, 582, 1037, 409
7-1889|695, 696, 52, 697|713, 52, 1540
8-430|698|49, 106, 141, 68, 107, 47, 1545, 1631, 122
9-1016|247, 482, 704|349, 645, 941, 40, 926
10-364|85, 102, 5, 6, 14, 760, 322, 761, 528, 771, 772, 529, 762|941, 940, 735, 529, 528, 322, 14, 30, 32, 6
11-7|8, 87, 25|8, 25, 685, 27, 26, 24
12-1238|775, 463|463, 26, 713, 1111, 1112
13-1438|14, 529|130, 1094, 475, 1203, 1183, 445
14-1262|616, 339, 354, 484, 820, 464|354, 616, 221, 189, 116, 3692, 2756, 1105, 618
15-1149|446, 47|47, 446, 342, 1040, 45, 1049
16-1490|1210|1210, 503, 1514, 634, 517, 239, 1205
17-69|784, 45, 785, 225, 254, 29, 778, 786, 787, 83, 788, 170, 372, 789, 791, 717, 128|128, 45, 717, 791, 789, 372, 170, 788, 83, 787
18-808|793, 128|128, 793, 189, 1004
19-1936|18, 79|79, 2, 113, 189, 582, 319, 188
20-4116|1173, 189|1094, 1100, 6, 94, 500, 1015
21-3508|957|35, 402, 156, 1015
22-109|6|5, 6, 1060, 645, 2213, 926, 311, 1094, 171, 752
23-271|254, 42|254, 42, 26, 153, 377, 179, 469, 1474, 45, 67
24-233|59, 369, 246, 370, 371, 376, 79, 372, 47, 373, 374, 375, 49|47, 49, 67, 374, 246, 372, 370, 59, 376, 375
25-3785|2094|27, 567, 222, 88, 659, 2468
26-2493|963, 736|731, 582, 1808, 378, 547
27-1057|1003, 641, 484, 655|189, 167, 30, 641, 32, 82, 482, 258
28-726|730, 1031|1243, 730, 163, 1037, 1245, 1094, 1631, 1912, 929, 1908
29-3911|107, 595, 2551|2551, 595, 1036, 35
30-870|869, 85, 596, 1035, 68|68, 596, 85, 869
31-484|1040, 611, 602|14, 602, 5, 6, 1060, 353, 968, 1891, 245, 103
32-1209|141, 247|127, 266, 14, 106, 517, 1087, 1085, 50
33-857|793, 857|857, 68, 856, 855, 801, 962, 1394, 85, 103, 298
34-1904|242, 863, 23|863, 1716, 1715, 713, 23, 242
35-1232|367, 308|402, 1079, 952, 128, 728
36-217|355, 122, 246, 35, 356, 357|246, 298, 47, 357, 356, 122, 276, 355
37-2082|721, 206, 397, 5|5, 206, 397, 64, 35, 171, 163, 3691, 1094, 644
38-1542|305, 522|305, 1068, 875
39-1187|863, 91|45, 242, 254, 794, 469, 1556, 26, 52, 881
40-722|1085, 1101, 707|707, 913, 5, 1094, 2134, 103, 467, 2138, 230, 2136
41-656|282, 353|698
42-2087|107, 1121, 542, 47, 5, 49|49, 5, 47, 64, 542, 113, 1044
43-2472|715, 1835, 806, 1837|418, 6, 1597, 1837, 1836, 207, 35, 620, 1835
44-1985|654|717, 26, 970, 3696, 1399, 3692, 1616
45-1770|247, 1060, 939|206, 926, 14, 84, 31, 29, 208, 1094, 1901, 5
46-801|582, 1183|582, 965, 1309, 1094, 245, 551, 189, 319, 1292
47-212|343, 348, 85, 154, 2567, 1185, 147, 970, 64, 422, 296, 1190, 22|22, 343, 344, 342, 341, 147, 1341, 107, 297
48-233|47, 353|47, 49, 67, 374, 246, 372, 370, 59, 376, 375
49-1422|172, 672, 4, 5|672, 1297, 645, 608, 5, 172, 1060
50-526|247, 621|14, 189, 247, 621, 267, 461, 13, 3692, 85, 1094
51-602|1197|47, 423, 1218, 360, 1217, 1197, 50, 49, 253
52-4083|2553, 467|3615, 2782, 2781
53-14|114, 1200, 609, 49|49, 48, 47, 46, 246, 242, 35, 23, 1632, 281
54-83|567|126, 45, 49, 35, 47, 153, 511, 50, 1096, 1769
55-1289|141, 45, 733, 242, 167|68, 242, 800, 45, 2154, 141, 1858, 1239, 1256, 1571
56-653|14, 22|22, 582, 363, 698, 111, 64, 357, 445, 295, 21
57-1477|1202|1923, 1202
58-1189|1077, 282, 342, 45, 32|207, 1383, 1077, 2618, 35, 1763, 253, 418, 342, 45
59-109|645|5, 6, 1060, 645, 2213, 926, 311, 1094, 171, 752
60-2661|179|1923, 2699, 2695
61-1222|707, 217, 1893, 1102, 110|1102, 5, 425, 1891, 245, 1893, 6, 707, 110, 898
62-2076|117, 107, 83, 79, 47, 68, 49|163, 17, 45, 59, 246, 79
63-3503|1053|826
64-1866|898, 706, 1543, 717|1758, 2836, 592, 1543, 943, 655, 898, 906, 482, 705
65-1542|1068, 305, 936|305, 1068, 875
66-361|61, 1689|61, 1427, 63, 45, 72, 6, 524
67-456|79, 84, 278|21, 84, 655, 368, 1634, 1704, 1682, 1707, 1698, 582
68-632|106, 305, 936|305, 952, 106, 1260, 684, 163, 685
69-407|50, 51, 487, 1074, 5|52, 5, 50, 487, 580, 794, 51, 696, 501, 15
70-3875|239, 249, 14, 1678|2579
71-607|62, 1266, 560, 1268, 311|560, 512, 2
72-1370|271, 1274, 225, 963, 812, 500, 273, 1150, 1181|1150, 906, 1404, 1410, 1916, 1149, 717
73-1966|1285, 1281, 1284, 1280, 1283, 396|1283
74-4039|1286|2749, 1286, 2741, 184
75-2467|1368, 1588, 1292, 1294|1294, 1588, 1307, 1833, 1457, 1368, 1675
76-918|687|517, 1485, 266, 354, 342
77-3340|426, 388, 1332, 553|1094, 1956, 553, 426, 1038, 32
78-984|1207, 768, 85, 198|198, 5, 768, 1883, 240, 14, 645, 13, 2603, 130
79-381|117, 79, 213, 357, 457|79, 84, 1809, 40, 318, 1807, 1631, 1572, 1571, 1492
80-1028|41, 39, 5, 6|206, 39, 242, 933
81-1527|141, 45, 254, 1426|68, 219, 1255, 93
82-110|50, 51, 52, 175|52, 175, 65, 221, 717, 116, 970, 267, 2581, 354
83-1105|1339, 1337, 1023, 13|1023, 1337, 13, 14, 383, 1802, 1339, 1604, 117, 45
84-1475|1341, 188, 22|22, 582, 2630, 40, 84
85-2443|1811, 582, 703, 655, 1534|1811, 655, 412, 1809, 651, 1807, 414
86-268|49|49, 47, 1037, 63, 2, 144, 29, 1060, 1200, 52
87-1641|254, 604, 556, 1219, 26, 42, 1259, 124|1427, 319, 1259, 1355, 254, 1353
88-323|65, 84, 40|65, 40, 84, 1148, 721, 479, 14, 478, 107, 102
89-2531|498|98
90-3948|239, 324, 855|1094
91-427|106, 1077, 1060, 1201|47, 49, 45, 5, 130, 645, 6, 968, 83, 247
92-3302|1240|965, 1094
93-1744|354|189, 2829, 917, 335, 354, 3692, 29, 1454
94-3884|117, 2, 1392, 6, 1393, 1212, 756, 5, 660, 746|3611, 280
95-1145|6, 1099, 5, 418|645, 35, 1048, 715, 926, 1798, 2671, 6, 5, 1715
96-3948|401, 298, 239, 103, 85, 962, 2977|1094
97-388|30, 32|189, 735, 717, 482, 500, 1356, 1923, 32, 1667, 1005
98-780|247, 1397, 645, 14|14, 645, 189, 3694, 267, 461, 13, 3692, 85, 1181
99-1953|1398|116, 354, 221, 189, 3697, 3692, 616
100-1424|1401, 323, 5, 6|323, 1094, 1060, 241, 2635, 568, 6, 5, 671, 645
101-2402|181|512, 1323, 113, 1099, 50
102-2027|1416, 60, 774, 206, 1419, 1413|206, 256, 774, 1266, 39, 64, 654
103-2015|342, 38|64, 35, 1608, 253, 1606, 1039, 388
104-804|748, 1437, 339|1435, 1433, 32, 1470, 1469, 1468, 1318, 319, 2757, 42
105-3882|1440, 107|717, 286, 970, 267, 1399, 14, 461, 3692, 85, 1578
106-460|432, 588, 589|966, 72, 339, 2213, 189, 582, 319, 932, 78, 589
107-2486|1448, 1762|1453, 1434, 1844, 1435, 1845
108-1282|565|1556, 565, 811, 794, 641
109-1210|1080, 107, 952, 1462, 1091, 14, 1460, 1466, 1092, 1067|1092, 1091, 1081, 1079, 2689, 1466, 107
110-804|1469|1435, 1433, 32, 1470, 1469, 1468, 1318, 319, 2757, 42
111-1360|1580, 1144|1144, 13, 5, 6, 1136
112-1541|137, 2, 935, 1475, 6, 305, 111, 98, 936|1962, 98, 111, 305, 6, 935, 2, 137, 2580, 2435
113-3331|231, 14, 898|1094, 14
114-816|340, 810, 32|112, 128, 628, 32, 810, 340, 781, 809
115-934|1510|527, 965, 898, 1389, 2114, 906, 1536
116-971|903|903, 290, 1105, 219, 1045
117-1597|114, 188, 47, 49|49, 1331, 246, 47, 176, 94, 409, 163, 542, 188
118-845|845|47, 5, 810
119-407|1797, 52, 557, 5|52, 5, 50, 487, 580, 794, 51, 696, 501, 15
120-1583|1526, 133|2519, 498, 116, 2, 1312, 1313
121-1571|64, 6|6, 1781, 64, 1099
122-205|21, 64, 155|22, 42, 325, 155, 64, 21, 20, 107, 291, 336
123-850|50, 142, 14|156, 14, 50, 142, 242, 846, 849, 848, 844
124-639|59, 499, 49|499, 49, 1776, 1775, 1077, 6, 1489, 1503, 1511, 59
125-1873|1900, 63, 32, 26|63, 1094, 32
126-719|241, 13, 1060|13, 16, 241, 624, 645, 1094, 239, 794, 281, 913
127-4161|1037, 1267, 1032|3674, 1238, 582, 2832
128-256|725|1094, 22, 336
129-615|673|673, 920, 659, 618, 342, 1292
130-948|903, 266|903, 266, 897, 15, 342
131-385|94, 419|79, 543
132-3564|107, 1557, 1564, 1099, 498, 1566|1099, 1557, 634, 1566, 498, 1564, 107, 2170, 2161, 184
133-1914|835, 2801|1199, 620, 910, 2617, 835
134-1255|1547, 1347|1389, 2114, 1109
135-938|915|2189, 299, 565, 737
136-1421|1582, 645, 939|939, 5, 6, 717, 970, 3694, 267, 31, 461, 39
137-1188|93|254, 93, 881, 64
138-396|29, 337, 313|618, 932, 1094, 655, 179, 340, 189, 1007, 1005, 735
139-4302|3642, 1352, 3643|3643, 3642, 337, 107, 224
140-448|49, 1050, 1382, 79, 388|79, 47, 1382, 388, 59, 38, 1050, 130, 78, 1033
141-1193|1595|141, 167, 1597, 402, 728
142-4054|282, 620, 2621, 2607, 1942, 1157|2840, 2663, 620
143-4352|8, 685|
144-1147|774, 206|206, 1266, 863, 774, 223, 181, 1346, 1699, 1049, 39
145-1023|72, 1406, 98, 221|3620, 3640, 3635, 3634, 3627, 3626, 21, 3618, 23, 3631
146-1546|1283|1283, 1053, 32, 2108, 2107, 733, 117, 396, 1284, 1280
147-1517|208|796, 1389, 2114, 1697, 52, 1694
148-1704|112, 14|14, 514, 676, 1753, 587, 286, 1060, 207, 1100, 870
149-1777|29, 85|1094, 1471
150-804|45|1435, 1433, 32, 1470, 1469, 1468, 1318, 319, 2757, 42
151-3508|1613, 1604, 85, 649, 402, 35, 103|35, 402, 156, 1015
152-2028|1606, 466, 1610, 1608, 1029|1608, 1610, 1606, 1029, 466, 1425, 1630
153-435|2151, 47, 68|47, 45, 49, 253, 46, 1565, 1563, 1562, 94, 1559
154-3457|107, 1606, 253, 1608, 1425|103, 85, 800, 298, 342, 45
155-525|107, 1631, 1090, 47, 49|1090, 1631, 1698, 49, 47, 542, 620, 497
156-1344|1649, 135, 47|135, 47, 2688, 1125, 876
157-66|123, 311, 20, 366, 278, 21, 64, 127, 124, 22|22, 123, 396, 2809, 311, 366, 170, 124, 64, 0
158-2044|6|14, 977, 1647, 6
159-2094|193, 1717, 177|1763, 1762, 177, 858
160-1607|188, 189|188, 144, 29, 2, 189, 79, 717, 568, 461, 6
161-1285|335|254, 1425, 45, 546, 1354, 124, 1117
162-222|85, 726, 14, 361|717, 1137, 645, 361, 85, 1094, 1161, 1060
163-1921|341, 154, 1665, 40, 344|644, 2, 835, 188, 94
164-1384|485, 206, 1666, 105, 1236|206, 1145, 1183, 582, 732, 32, 1060, 105
165-3566|128|189, 717, 425, 917, 461, 335, 3692, 85, 1648, 1094
166-829|803|806, 354, 802, 782, 353, 517, 153
167-3875|239, 249, 14, 1678, 936|2579
168-156|171, 94, 41, 206, 1706|206, 397, 5, 3691, 645, 48, 79, 572, 44, 41
169-1216|1714, 1081, 1713, 1466|1092, 1096, 1081, 221, 47, 15, 32, 107, 52
170-1097|715, 852, 39, 206, 645, 1715, 1252, 5|206, 5, 39, 1060, 723, 852, 305, 1068, 1067, 1070
171-868|400, 1621, 47|47, 371
172-168|6, 5|5, 6, 645, 618, 189, 13, 707, 1060, 1397, 1337
173-471|546|126, 45, 49, 47, 371, 546, 511, 102, 542
174-2369|142, 342|342, 142
175-2378|1755, 1751, 1347|1751, 2682, 1761
176-2343|239, 659|659, 239
177-2182|1111, 1757|1111
178-2362|1755, 1761|1347, 1751, 2682, 768
179-3319|810, 582|2150, 189, 582, 319
180-3819|1590, 976|968, 2545, 2544
181-890|50, 228, 713, 879, 887, 1426|228, 887, 50, 888, 909, 350, 713
182-2412|354, 1099, 237|237, 354, 2224, 1099
183-895|659, 1787|325, 702, 342
184-4352|1790|
185-2394|107, 595, 869, 1791, 2296, 455, 843, 1036, 47|35, 595, 49, 1036, 1773, 596, 130, 687
186-1891|246|47, 49, 794, 52, 1770, 408, 1066, 59, 1129, 1769
187-651|52, 308|52, 2680, 787, 92, 697, 696, 695
188-2059|764, 1267, 567, 1800, 1801, 1667, 706|706, 1667, 567, 764, 1801, 1800, 1267
189-2425|239, 446, 1789, 1210|1789
190-135|62, 1762, 638, 409|6, 62, 2104, 1691, 3658, 1094, 63, 2
191-161|1803, 781, 217, 240, 241, 13, 54|240, 13, 241, 6, 2528, 2527, 2526, 1094, 913, 5
192-551|206|206, 397, 5, 163, 582, 3691, 213, 398, 1901, 1266
193-4159|1558|746, 649
194-29|141, 79, 1808, 42|68, 72, 74, 26, 76, 67, 15, 1259, 377, 42
195-3532|141|68
196-2459|1821, 1207, 1820|1822, 1820, 1207, 1821, 1240
197-1968|52|52, 1822, 1240, 1426, 1820, 1819, 208
198-4353|117, 306, 971, 84, 64|
199-4353|214, 971, 405, 84, 64|
200-245|120, 88, 140|2577, 117, 396, 140, 120
201-1561|1833, 550, 1298, 1294|1299, 1298, 1297, 1296, 1293, 107
202-4354|1434, 1590, 836, 2634|
203-1989|45, 342, 35, 654, 2382, 68|253, 1836, 970, 35, 353, 1841, 47, 38, 39, 106
204-2488|1448, 1845|858, 177, 1434, 1448, 1453
205-3599|1450, 113|753, 2235, 113, 1129, 2213, 488, 353, 63, 858
206-758|378, 1808, 582|582, 732, 239, 484, 189, 721
207-17|14, 49|49, 14, 247, 47, 45, 246, 254, 93, 665, 79
208-2486|1344|1453, 1434, 1844, 1435, 1845
209-2055|64, 596, 29, 858, 335, 64, 250, 64|2593, 1659, 858, 60
210-341|50, 51, 493|51, 50, 493
211-234|377, 378, 254, 1854|254, 153, 379, 65, 1353, 380, 377, 93, 26, 64
212-3889|1828, 1129, 1855, 149|1888, 2599, 1330, 2600, 208
213-1773|254|808, 124, 254
214-3122|669|965, 2777, 2692, 669
215-2983|732, 582, 1862, 470|965, 1094
216-1461|1554, 666, 556, 32, 365, 1043, 632|470, 2601, 582, 576, 1183
217-1601|48, 1667|1956, 1955, 1148, 1787, 1037, 48, 1656, 986, 1332, 509
218-2398|1077, 219, 114, 1769, 47, 49|47, 114, 49, 219, 45, 26, 1798, 2671, 1769, 1077
219-404|963, 1878, 404|404, 963, 221, 66, 479, 6, 40, 278, 107, 295
220-4160|654, 1881, 1447|449, 466, 2061
221-3329|1884, 1650, 1173|1650, 756, 1173, 1060, 13
222-3880|153, 11|2594, 1434
223-1421|1892, 6, 939, 5|939, 5, 6, 717, 970, 3694, 267, 31, 461, 39
224-3574|935, 60, 68, 1897, 91|389, 2577, 60, 106, 1029, 1610
225-3837|1939, 94|35, 206, 2676, 47, 38, 389, 353, 1423, 184, 455
226-694|638, 3610, 3609|713, 149, 638, 3610, 712, 3609, 17, 2775, 308, 1343
227-61|60, 29, 1898, 372|47, 60, 59, 692, 49, 1160, 163, 2676, 2, 106
228-3876|1930, 436, 46|512, 638
229-2082|206, 5|5, 206, 397, 64, 35, 171, 163, 3691, 1094, 644
230-3530|1270|1094, 1270, 913, 2128, 239, 208
231-1467|794, 1196, 38, 47|38, 1196, 59, 47
232-156|711, 206, 40, 397, 5|206, 397, 5, 3691, 645, 48, 79, 572, 44, 41
233-2582|1909|1909
234-65|122, 600, 2513, 54|122, 117, 121, 107, 201, 111, 45, 49, 600, 359
235-1402|939|939, 206, 1060, 1173, 2690, 1094, 1901, 5, 645, 14
236-4352|685, 713, 1914|
237-1644|370|47, 170, 169, 370, 791, 1646, 1645, 1224, 1408, 50
238-1778|707, 1472, 1917|5, 6, 906, 717, 425, 970, 461, 13, 3692, 85
239-347|14|727, 1094, 634, 247, 728, 266, 510, 85, 509
240-1560|889, 6, 5|645, 119, 94
241-640|50, 85, 39, 103|39, 5, 645, 948, 1576, 382, 970, 4, 1184
242-2821|1933|1932, 1923, 1933
243-116|342, 1629|64, 45, 517, 945, 254, 511, 42, 93, 26, 147
244-3822|736|815, 2577, 171, 281
245-3312|1940, 1942, 654, 1938|1938, 654, 179, 1942, 1941, 1940, 1939
246-3311|1940, 1941, 179, 1938|179, 798, 1939, 1943, 1938
247-3310|179, 1938|1938, 179, 1939
248-3267|32, 32, 824, 824, 1934, 1936, 1935|1933, 824, 1936, 1935, 1934, 32
249-4160|2061, 466, 449|449, 466, 2061
250-2933|965|965
251-1625|590|1345, 117, 582
252-1531|335|1259, 189
253-781|713, 1799|3609, 746, 749, 6
254-1498|319, 582, 189|2213, 2349, 2124, 2348, 1367, 412, 1132, 464, 1129, 1354
255-751|240|1094, 240, 668, 1808, 628, 5, 1406, 6, 1256, 306
256-1790|1957, 1956|2568, 84, 2569, 191, 1864, 1487, 1499
257-2473|3500, 35, 3622|2676, 636, 2618, 35, 181, 1836, 970
258-3448|2056, 2057, 1971, 2029|2029, 1971, 2057, 2056
259-3430|1971, 2012|654, 2010, 2008, 818, 1971, 899
260-3370|1969, 1970|1970, 1969
261-661|85, 32, 1988|103, 402, 1394, 575, 1396, 775, 1891, 245, 85, 1471
262-3787|98|892, 490, 14, 98, 466
263-837|32, 237|838, 806, 237, 65, 837
264-3427|179|1983, 179, 1970
265-3357|1864|2158, 2568, 192, 2569, 1966
266-1434|107|1182, 462
267-1416|2077, 14|1094, 1087, 247
268-169|369|254, 1259, 390, 1923, 1425, 12, 26, 10, 45, 1254
269-1629|154|768, 1347, 1147
270-1517|794, 198, 1420, 1697|796, 1389, 2114, 1697, 52, 1694
271-3476|2080|2080, 2082
272-3474|2082, 2080|2080
273-3474|2082, 2080|2080
274-234|469, 2083, 42|254, 153, 379, 65, 1353, 380, 377, 93, 26, 64
275-2803|248, 1710, 1747|1923
276-3476|198, 2080|2080, 2082
277-269|6, 5|49, 181, 47, 64, 21, 20, 107, 111, 480, 125
278-2406|595, 35|47, 596, 1077, 2382, 1096, 418, 600, 6, 126, 1597
279-276|106, 62, 107, 410, 2, 4, 122, 408, 523, 188, 477, 49|49, 408, 63, 1129, 188, 2, 2213, 144, 62, 29
280-1381|208, 2469|48, 49, 596, 1137
281-1857|175|175, 623, 1271, 794, 1118, 795, 1549
282-2575|188|189, 188, 929, 144, 29
283-490|87|14, 93, 107, 106, 1060, 252, 247, 645, 5, 26
284-1721|29, 1009, 254|254, 851, 1299, 295, 1949, 469, 93, 1882, 1881, 654
285-3312|1450, 35, 1942, 654, 1394, 2850|1938, 654, 179, 1942, 1941, 1940, 1939
286-3817|596, 46, 2542|2542, 1347, 46, 596
287-533|45|426, 47, 45, 65, 369, 49, 1237, 6, 117, 542
288-1508|826|826, 1053, 302, 605
289-3470|1761|768, 1347, 2200, 1751, 1755
290-1966|117, 2107, 1281, 2108, 1283|1283
291-2069|172, 45, 29, 463, 683, 1347, 1059, 73, 103, 179, 5|1678, 2627, 672, 186, 181
292-2090|1420|1420, 206, 1717, 6, 50, 1715, 39
293-1788|1114|20, 65, 1114, 1507, 1505
294-3459|35, 1366, 5|35, 184, 715
295-1805|2, 79, 113|189, 582, 319, 1517, 1491, 1492
296-3874|359|49, 47, 2072, 1823, 2579
297-2432|1457, 3, 57, 15, 1747|57, 1457, 1747, 15, 491, 485, 3, 56, 759, 1253
298-110|1094|52, 175, 65, 221, 717, 116, 970, 267, 2581, 354
299-3855|2117, 304|2801, 304, 2117, 242, 2565, 280, 2566
300-1297|902, 217, 2118, 2119, 32|1094, 1954, 1577, 1124, 874, 94, 1122
301-1319|1277|655, 582, 732, 340, 94, 1122
302-71|1631|47, 131, 130, 133, 132
303-2063|659, 313, 660|1923, 1671, 1670, 1669, 764
304-3873|171, 2096|1389, 2114, 1094, 2096, 1537
305-3531|2132, 2133, 179|179, 2133, 2132
306-1061|239, 999, 582, 1000, 813|582, 189, 319, 817, 1002, 732, 813, 1000, 999, 239
307-3229|110|965
308-4353|2, 971|
309-2101|64, 1111, 142, 342, 1724|64, 1724, 342, 1111, 142
310-878|247|1127, 35, 728, 94, 402, 2754, 1094, 2176, 717, 254
311-3808|93|45, 138, 93, 41, 395, 63, 42, 163, 531, 648
312-3504|206, 2146|2109, 92, 206
313-3801|1946|1946, 1427, 2687, 42, 93, 26, 179
314-1682|49|6, 418, 1597, 654
315-502|1145|14, 32, 478, 1698, 65, 94
316-2512|1009, 1620|64, 40, 192, 191, 1009
317-2023|2117, 304|1608, 1610, 1606, 1630
318-1915|469, 436, 2151|12, 6, 112, 502, 436, 835
319-1100|906, 527|2213, 1129, 1019, 1018
320-806|801|826, 782, 779
321-1952|1597|1597, 1394, 654
322-187|1094|1540, 6, 5, 267, 264, 263, 186, 118, 106
323-2058|195, 1664|1094, 308, 1665, 1664, 1663, 195, 50
324-1943|905|1591, 903, 905
325-65|2513|122, 117, 121, 107, 201, 111, 45, 49, 600, 359
326-810|826|803, 782, 779
327-2520|93|93, 254
328-4159|102, 2160, 2161, 2164|746, 649
329-2868|2172|965
330-1673|645, 978, 14|1060, 1397, 618, 645
331-428|50, 126, 511, 246|122, 49, 126, 45, 2213, 127, 106, 396, 454, 35
332-388|32, 717|189, 735, 717, 482, 500, 1356, 1923, 32, 1667, 1005
333-68|125, 122, 22|122, 117, 22, 127, 125, 107, 49, 64, 126, 45
334-2481|402, 38|38, 402, 662, 1199, 1038, 35, 298, 6, 253
335-3579|79|79, 664, 68, 42, 179, 72, 2207
336-3547|1610, 1029|1610, 2605, 228, 68, 2585, 2584
337-2361|1752, 768, 1755, 1751, 2200, 1347|1761, 1347, 768, 1752, 686
338-3578|1610, 2201|1610, 2202, 228
339-26|1161|1161, 70, 65, 69
340-2829|2311|1923
341-119|50, 128, 713, 47|47, 128, 1641, 49, 50, 542, 713, 622, 170, 169
342-420|2206, 48, 65, 84|135, 48, 32, 700, 65, 84, 64, 40, 192, 191
343-1023|2211|3620, 3640, 3635, 3634, 3627, 3626, 21, 3618, 23, 3631
344-1832|228, 2212|1610, 2605, 228, 863
345-3663|2213, 335, 301, 158, 1129, 654|2213, 2287, 2286, 2285, 2288, 2231, 1129
346-3612|2213, 574, 2068|2213, 52, 1129, 350, 308, 1915, 17, 353, 1697, 2065
347-3588|2213, 2238, 501|2213, 2238, 137, 2, 501, 146, 1129, 63, 221, 2480
348-3645|29, 144|2213, 144, 1129, 918, 2320, 742, 29, 587, 2477, 2476
349-3708|2362, 2213, 2363, 2364, 2365, 2366, 2353|2213, 2365, 2362, 2353, 2366, 2364, 2363, 157, 1882, 424
350-3765|67, 2213, 1359, 1141, 23|2213, 23, 1141, 67, 2499, 1915, 1359
351-3692|2213, 1229, 2235|1229, 2235, 2213, 2593, 1453, 2429, 1776, 2230, 2478, 1659
352-911|505, 902, 903, 266|266, 903, 902, 1570, 505, 897
353-3628|1915, 2213, 512, 2466, 2126|2213, 2126, 512, 441, 18, 2516, 1915, 1696, 2230, 2466
354-3679|2213, 1084, 548|2213, 1236, 548, 2195, 2341, 48, 2342, 1129, 582, 2554
355-3662|2492, 2459, 2213|2213, 2321, 2459, 2493, 2486, 177, 737, 2492, 1344, 2414
356-3737|2231, 2422, 2213|2213, 2422, 2494, 103, 2515, 2230, 2458, 2055
357-1405|886, 2213, 144|2213, 2318, 1129, 1532, 133, 405, 144, 886, 1161
358-3592|2213, 72, 2322|2213, 72, 404, 2322, 214, 2427, 199, 1915, 2426, 1810
359-3754|85, 2463|2213, 2463, 85, 266, 2515, 1776
360-3737|2458, 2213, 103|2213, 2422, 2494, 103, 2515, 2230, 2458, 2055
361-2479|35|755, 1158, 6, 715, 1836, 35
362-1928|2, 454, 2106, 313, 35, 717|717, 313, 189, 35, 221, 286, 3694, 103, 2581, 3697
363-276|2213, 408, 1129, 49|49, 408, 63, 1129, 188, 2, 2213, 144, 62, 29
364-2453|1346, 35, 2518|1346, 2518, 35, 1602
365-1154|1592|93, 45, 26, 736, 42, 64, 621, 2152, 252, 213
366-3767|2213|2213, 2386, 2383, 2384
367-783|432, 2521, 759, 582, 755, 163|163, 759, 757, 518, 758, 756, 113, 755
368-966|841|128, 634, 1116, 1115, 64, 894
369-3324|2523|582, 1832, 189, 319
370-1252|1410|1118, 728
371-3825|154, 568, 898, 512, 149|568, 1855, 149, 512, 898, 154
372-3784|1848|2535, 1447, 2263, 1942, 2534
373-3455|295, 2530, 2167, 2163, 2164, 2160, 2166|2167, 2166, 2164, 2163, 2161, 2160, 295, 1816, 298, 801
374-725|63, 2531|163, 5
375-4355|1854, 14, 2532, 1236|
376-2583|835, 1795|1942, 1039, 206, 39, 388, 382, 654, 1158, 1780, 910
377-3789|216, 345|501, 345
378-1889|52, 2008, 501|713, 52, 1540
379-103|45, 254, 64, 26, 167, 93|254, 45, 1946, 1947, 49, 167, 64, 453, 889, 1066
380-2072|1664, 5|965, 1074, 951, 94, 171
381-9|34, 6, 24, 36|36, 24, 963, 463, 26, 4, 1389, 2114, 746, 6
382-798|1485, 1482, 1514|776, 1514, 1482, 1485, 463
383-1146|968, 1425|45, 1094, 5, 254, 171, 469, 1029, 645, 242
384-3811|2544, 2545, 968|2544, 2545, 968, 1716, 242
385-4045|2549|511, 107
386-1817|1170, 79, 163, 188|79, 94, 1170, 1493, 1492, 1502
387-2450|191|64, 191, 1815, 3657, 40, 192, 1864, 5, 163, 1813
388-3826|141, 1239, 242, 253, 1838, 236, 298, 35|35, 242, 737
389-1886|794, 52|794, 51, 50, 795, 2207, 150, 1544, 1540
390-2364|1754|1754
391-2479|35|755, 1158, 6, 715, 1836, 35
392-1065|1006|1006, 241, 913, 659, 568
393-458|2, 6, 906, 250, 259|645, 906, 1060, 6, 2, 1410, 13, 704, 425, 707
394-3871|687, 1047, 511|517, 181
395-2000|715, 32|838, 2155, 1423, 282, 512, 35
396-4077|29, 339, 2553|3614, 3615, 2782, 2781
397-4116|500, 1173, 189|1094, 1100, 6, 94, 500, 1015
398-3847|179|1158, 2558
399-3853|484, 2558|1200, 484
400-3852|2561|2558, 2561
401-3322|2570, 81|2570, 1094, 2063, 1543, 15, 519, 189, 582, 319
402-3859|141, 1696, 341, 280, 2106, 2565, 1346, 1620|1346, 2565, 2106, 280, 1696, 141
403-2425|659, 1789|1789
404-739|2568|553, 48, 1094, 32, 2651, 2568, 2573, 84, 2113, 1129
405-981|50, 29, 85, 144, 361|1632, 226, 225, 1129, 2106, 1682, 68, 47, 1631, 253
406-3915|107|2641, 655, 142
407-3915|2574|2641, 655, 142
408-4355|2533, 247, 2532|
409-855|853, 851, 665|853, 45, 383, 665, 851, 1094, 5, 453, 968, 93
410-3539|2436, 2268, 1129|144, 29, 1129, 1776, 1915, 2250, 501, 2008, 405, 493
411-190|1129|188, 144, 29, 1037, 1129, 968, 717, 272, 270, 2777
412-1353|1915, 1776, 978, 14|14, 2213, 247, 1476, 5, 667, 625, 1094, 477, 717
413-821|35|35, 2213, 6, 102, 833, 49, 47, 477, 512, 2518
414-3789|216, 768|501, 345
415-2368|117, 92, 1734|342, 920, 92, 1275, 48, 142
416-1033|2579|956, 672, 937, 645, 305, 955, 952, 935, 954, 306
417-59|1094|113, 52, 795, 51, 50, 796, 1540, 1242, 1278, 2680
418-1740|2435, 2580, 113|2, 1253, 221, 189, 717, 116, 903, 354, 2630, 3692
419-2096|154, 32, 1722, 47, 221|47, 1722, 221, 785, 1310, 78, 29, 137, 32, 45
420-1707|1016|206, 1016, 1346, 68, 416, 1266, 1699, 47, 498, 35
421-1934|171|2777, 645
422-3578|228, 616, 467|1610, 2202, 228
423-1615|1060|189, 1473, 1397, 618, 645, 6, 5, 1337
424-286|107|93, 79, 428, 254, 45, 204, 2590, 107
425-3502|2591, 2106, 1096, 1079|1079, 1096, 2106, 2591, 298, 402, 401, 596, 1696
426-3319|810, 1405, 793|2150, 189, 582, 319
427-2049|2593|6, 611, 441, 12, 1852, 177, 113, 64, 502, 391
428-3573|107|107, 1029, 1610
429-1731|280|98, 14, 1359, 24, 490, 1441, 1439, 466, 228, 1440
430-109|92, 6, 5|5, 6, 1060, 645, 2213, 926, 311, 1094, 171, 752
431-3796|1094|641, 1554, 500, 556, 15, 32, 482
432-1365|2597|247, 1146, 1088, 113, 14, 1060
433-3594|877, 1859|2213, 1633, 2221, 194, 1859, 72, 1810, 2427, 2230, 1832
434-827|2773, 846, 820|820, 819, 179, 821, 781
435-2085|1188|5, 47, 1702, 572, 542, 1090, 1708, 94, 1698
436-1335|246, 46, 293|47, 921, 46, 49, 542, 1121, 1122
437-1832|228, 1610, 1394|1610, 2605, 228, 863
438-4040|154, 233, 892, 2755|154, 2755, 1399, 233, 717, 1201, 26, 970, 461, 3692
439-242|191, 192, 40, 64|105, 149, 14, 392, 1094, 582, 32, 2119, 2118, 189
440-225|1145|22, 363, 21, 14, 32, 49, 20, 84, 362, 247
441-3453|282, 620, 2621, 207, 807|207, 1922, 1597, 837
442-1013|2627, 1678|938, 1677, 1678, 101, 117, 305
443-4356|107, 895, 2632|
444-4354|1434, 2634|
445-3496|2100|2100
446-957|794, 239, 323, 241, 568|913, 568, 1094
447-2393|47|47, 49, 143, 716, 1769, 223, 50
448-971|1094|903, 290, 1105, 219, 1045
449-2787|2, 1578|1923, 1094, 490, 659, 812, 225, 1356
450-764|243, 557|1094, 5, 487, 488, 3651, 3650, 64, 40, 192, 191
451-2485|1448|596, 1448, 1434, 179
452-3827|2551, 627, 46, 47|46, 627, 2551, 47
453-3909|1589|1589, 2
454-3913|2638|2638
455-3860|82|641, 48, 79, 2568
456-122|107, 287, 348, 185, 186, 289|184, 186, 185, 107, 289, 201, 287, 47, 649, 52
457-3865|2642|2642, 2574, 107
458-2566|85, 2122|85, 2690, 1891
459-3920|184, 107, 1420|184, 264, 1420, 107, 1059, 2649
460-3481|250, 477, 49|47, 477, 246, 49, 542, 208
461-3877|556, 2582|107, 2582
462-2005|645|26, 6, 1201, 970, 103, 335, 3692, 339, 29, 45
463-1329|634, 15|1117, 9, 45, 874, 1119, 2
464-1859|50, 51, 638, 1540|623, 638, 51, 50, 79, 63, 52, 1826, 796, 795
465-560|32, 823|670, 630, 629, 94
466-546|582, 1829, 1087, 1667, 113, 1060|130, 1350, 14, 497
467-4356|107, 1651, 286|
468-539|1094|404, 623, 1009, 29, 61, 2203, 703, 953, 214, 388
469-3926|556, 2536, 906, 171, 2192|2192, 171, 906, 2536, 556
470-873|864, 242, 47|47, 49, 114, 92, 35, 371, 2518, 542, 254, 246
471-550|247, 65, 254, 113|113, 247, 14, 64, 254, 2597, 1090, 1695, 1698, 1582
472-1392|1094|1094, 409, 732, 635
473-3873|6, 746|1389, 2114, 1094, 2096, 1537
474-3479|49, 463, 47|47, 50, 463, 49, 409, 188, 485, 374, 372
475-109|6, 2658, 5|5, 6, 1060, 645, 2213, 926, 311, 1094, 171, 752
476-530|1408, 101, 2659, 47|47, 176, 170, 1408, 542, 101
477-1944|1896|1173, 13, 645, 5, 970, 3694, 103, 6, 3692, 29
478-250|2590, 93|107, 68, 406, 72, 405, 79, 78
479-1601|48, 986, 1656, 84, 457|1956, 1955, 1148, 1787, 1037, 48, 1656, 986, 1332, 509
480-2460|60|68, 60, 1240
481-3908|107|2629, 1142, 107
482-661|85|103, 402, 1394, 575, 1396, 775, 1891, 245, 85, 1471
483-4357|107, 2665, 280, 254, 40, 64, 93|
484-2455|1825, 1376|1240, 1822
485-1011|670, 630|1923, 630, 1667, 735
486-1893|905, 311, 1552|905, 342, 446, 1552, 1210, 659
487-2030|2575|1635, 1682, 163, 14, 363, 1090, 1631
488-569|107, 942, 47|52, 542, 49, 47, 126, 462, 45, 107, 50
489-1215|917, 15, 47|47, 917, 208, 1700, 83, 171, 1698, 1092, 1096, 1081
490-2551|13|13, 1343, 308, 144, 1060, 1870, 6
491-3942|92, 26|791, 2688, 2313, 26, 64, 732
492-1245|815|517, 1387, 815, 634, 94, 1105
493-350|1427|206, 130, 5, 721, 1486, 1494, 1511, 1492, 1183, 514
494-1562|1300|1300, 895, 1301, 1297, 1443, 189
495-3950|3690, 487|2785, 378, 45, 2698, 2152, 2692
496-1456|2313, 14, 47|14, 247, 45, 49, 252, 47, 94, 171, 254, 117
497-368|1094|79, 113, 644, 2174, 2173, 1297, 533
498-1961|228, 1046, 94, 863, 498, 1566|228, 1046, 1568, 181, 863
499-3968|2739|2739
500-4038|181, 2741, 2743|2743, 2748, 2741, 181
501-4028|117, 2741, 2748, 2746, 2742, 3641, 2749|2742, 2746, 2741, 117, 2749, 3641, 2748
502-5|222, 2179|22, 332, 3660, 336, 21, 20, 64, 331, 330, 329
503-361|45, 61, 63, 1427|61, 1427, 63, 45, 72, 6, 524
504-557|599, 547, 47, 5|15, 45, 171, 49, 599, 470, 881, 1060, 1829, 1828
505-234|153, 254, 1357|254, 153, 379, 65, 1353, 380, 377, 93, 26, 64
506-3858|154, 2567, 2756, 64|335, 353, 2564, 2567
507-4044|184, 2757, 2759|2759, 2757, 184
508-4043|2758, 2757, 604|604, 2757, 2758, 319
509-1732|65|1442
510-1288|2650|29, 128, 1378, 556, 1578, 1642, 1644, 1643, 1526, 94
511-378|79, 406|79, 406, 995, 405, 238, 2637, 78, 1492, 1502
512-4045|107, 511|511, 107
513-262|106, 2, 29, 63, 144, 246, 408|408, 2, 49, 62, 106, 122, 4, 410, 188, 144
514-1796|1737, 102|15, 498, 703, 1514, 1513
515-1023|2762, 2763|3620, 3640, 3635, 3634, 3627, 3626, 21, 3618, 23, 3631
516-311|2130|464, 138, 280, 462, 45, 107, 452, 204, 40, 449
517-349|2764, 725|14, 2779, 2780, 2778, 1094, 968, 1145, 1060, 1175, 1640
518-244|171, 239|732, 163, 2832, 1094, 1631, 49, 582, 398, 5, 399
519-1640|736, 93|42, 93, 124, 666, 1353
520-3500|403, 52|403, 1096, 2591, 1696
521-3952|655|655, 342, 2692, 2281
522-814|2767|1060, 252, 1142, 852, 354, 803, 802, 32, 510, 782
523-2007|794, 2106|35, 659, 1094, 2676, 226, 225, 117, 2159, 1623, 1622
524-1564|1306, 1296, 1307, 1297, 1294|1294, 1297, 1307, 1296, 1306, 1301, 1293, 107, 1292, 1289
525-4052|107, 6, 1294|107
526-3537|130, 6, 14, 5, 1157|498, 1606, 2141, 208, 187
527-140|203, 45, 194, 461, 26|204, 26, 45, 203, 35, 353, 1687, 254
528-4052|107, 1293|107
529-3466|184, 2771, 2074, 939|1173, 1094
530-242|32, 582, 14, 105, 149|105, 149, 14, 392, 1094, 582, 32, 2119, 2118, 189
531-14|49|49, 48, 47, 46, 246, 242, 35, 23, 1632, 281
532-3568|2772, 831, 611, 819|179, 335, 32, 154, 2185
533-180|14, 113|113, 14, 1094, 1088, 587, 6, 5, 264, 263, 186
534-1668|645|5, 6, 85, 189, 746, 717, 568, 13, 3692, 103
535-134|60, 1390, 655, 2829|29, 354, 974, 1454, 1390, 60, 189, 2829, 917, 335
536-4050|2362, 1025, 654, 2058|2058, 1029, 2282, 1181, 2770, 2769, 112
537-1502|973, 494|26, 1232, 64, 973, 494, 42, 93, 254, 477, 78
538-113|29, 1849, 178, 180, 179, 143, 47|47, 542, 374, 49, 179, 970, 243, 622, 702, 1119
539-109|6, 645, 14|5, 6, 1060, 645, 2213, 926, 311, 1094, 171, 752
540-2082|163, 1200, 392|5, 206, 397, 64, 35, 171, 163, 3691, 1094, 644
541-167|2776|14, 5, 528, 910, 251, 102
542-4058|2200, 2777|717, 3655, 970, 267, 937, 3692, 239, 1368, 2200
543-2420|731|1667, 1786
544-2573|1180, 18, 48, 206|206, 48, 1633, 84, 1069, 79, 1967, 171
545-1815|184, 1523, 29, 79, 213|79, 18, 29, 1517, 1492
546-2632|258, 2, 1356, 29, 859, 340, 1814, 179, 1727, 611, 490, 1756, 686, 313, 660|965, 1923, 1094
547-2610|85, 1921, 2024, 2021|1921, 2021, 1988, 2024, 402, 1079, 2023, 32, 85, 103
548-767|2778, 2780, 2779|79, 2779, 2778, 163, 247, 14, 927, 743
549-280|154, 40, 296, 425, 22|22, 296, 108, 316, 315, 85, 348, 1257, 110, 1241
550-235|206|206, 64, 1266, 1798, 381, 50, 2687, 395, 68, 1413
551-4300|2781, 2782|3614, 1424
552-2489|1854|189, 5, 917, 461, 335, 3692, 85, 239, 1033, 1190
553-4355|1854, 14|
554-458|6, 906, 1854, 259|645, 906, 1060, 6, 2, 1410, 13, 704, 425, 707
555-3498|2100, 2103|2103, 2100
556-4357|107, 45, 2665, 41, 64, 26, 138|
557-1496|239, 246, 47|1682, 542, 86, 1632, 1698, 47, 423, 970, 1218, 246
558-4115|1852, 2785, 1853, 2786, 2788, 2787, 1852, 2789|2787, 1852, 2789, 2788, 2786, 1853, 2785
559-103|469, 1947, 1948|254, 45, 1946, 1947, 49, 167, 64, 453, 889, 1066
560-1434|462, 1182, 1339|1182, 462
561-4118|281, 868, 2793|2793, 868, 281
562-3859|696, 2117, 304|1346, 2565, 2106, 280, 1696, 141
563-4320|2803, 2812, 2804, 2805, 2807|3673, 3672
564-978|179, 266|266, 903, 1158, 833
565-1911|1557, 634|2170, 2166, 2163, 117, 2530, 2161, 1558, 1564
566-3852|2561, 1200|2558, 2561
567-1214|219, 68, 2058|605, 219, 64, 50, 1085
568-541|535, 32, 14|1707, 86, 1698, 14, 32, 497
569-3876|2819, 1763, 2257|512, 638
570-4142|1094|107, 1094
571-1052|1403, 487, 994, 3652|994, 3652, 487, 1403, 94, 1129, 1525, 64, 40, 192
572-900|961|6, 889, 896, 961
573-2728|1094|1923
574-622|677, 2549, 514|677, 676, 913, 102, 6, 659, 274, 4
575-4149|1094|107, 1094
576-4299|8, 2018, 237|3613, 107
577-1016|271, 225, 812, 85, 247, 273, 6, 40, 266, 5, 717|349, 645, 941, 40, 926
578-2082|582, 2822, 2823, 1074|5, 206, 397, 64, 35, 171, 163, 3691, 1094, 644
579-1187|1094|45, 242, 254, 794, 469, 1556, 26, 52, 881
580-3910|1094|1094, 1434
581-2825|490|1923
582-4354|1448, 2634|
583-1318|60, 224, 1130, 213, 2825, 357|1130, 1423, 3649, 655, 2825, 213, 478, 224, 141, 357
584-3472|462, 436, 213, 345|1265, 417, 436
585-3920|184, 2649, 1059|184, 264, 1420, 107, 1059, 2649
586-104|1240|47, 143, 50, 168, 49, 64, 94, 1314, 170, 107
587-3472|417|1265, 417, 436
588-1811|519, 634, 64|1389, 728, 498, 703, 519, 1505, 1522, 1508
589-149|1030|49, 47, 65, 794, 45, 372, 1030, 52
590-2525|498, 2519|457, 144, 29, 1756, 378, 2213, 1862, 582
591-1035|85, 45, 958, 808|141, 68, 2610, 157, 112, 649, 1607, 323, 2767, 1094
592-763|2831, 735, 554, 553|553, 988, 511, 659, 554, 712, 735, 1271
593-149|794, 2094, 47|49, 47, 65, 794, 45, 372, 1030, 52
594-3910|663|1094, 1434
595-1788|1094|20, 65, 1114, 1507, 1505
596-3770|2609|2609, 2498, 2698, 2718, 2152, 2213
597-2033|715, 282, 253, 2607, 2116, 376|35, 388, 376, 382, 2116, 253, 242, 47, 1039, 1637
598-1578|45, 114, 47, 49|49, 2078, 47, 45, 60, 50, 371
599-242|489, 262|105, 149, 14, 392, 1094, 582, 32, 2119, 2118, 189
600-1140|378, 1808, 43|43, 64, 40, 192, 191, 2568, 2571, 554, 32, 44
601-3930|1094|1389, 2114, 746, 23, 1212, 6
602-2597|128|1094, 965, 1356, 1923, 361, 1916
603-388|484|189, 735, 717, 482, 500, 1356, 1923, 32, 1667, 1005
604-681|94, 335, 841, 1201|113, 1094, 335, 701
605-4200|1358, 3028, 3029, 1943, 2002, 3030, 3031, 3032, 2857, 3033, 3034, 3035, 3036|3036, 3035, 3034, 3033, 2857, 3032, 3031, 3030, 2002, 1943
606-4282|1448, 595, 3059, 1943, 1599, 3022, 2982, 3606, 2634, 1598, 3038, 3024|3024, 3038, 1598, 2634, 3606, 2982, 3022, 1599, 1943, 3059
607-2131|3562, 354|342, 446, 905
608-4268|2979, 3019, 1943, 3536, 3537, 3538|3538, 3537, 3536, 1943, 3019, 2979
609-4206|1448, 3059, 1943, 1599, 3022, 3025, 2634, 3024, 3060|3060, 3024, 2634, 3025, 3022, 1599, 1943, 3059, 1448
610-571|789|2582, 556, 129
611-3830|365, 149|365, 149, 15, 411, 364
612-527|163, 395, 5|163, 105, 5, 392, 92, 395, 1808, 1200, 49, 1214
613-124|29, 154, 144, 84|144, 1129, 188, 29, 2213, 189, 1870, 582, 1037, 409
614-3883|3611, 376|376, 3611, 373, 280
615-1337|246|47, 49, 373, 128, 94, 1240, 629, 59, 308, 800
616-4299|107, 3613|3613, 107
617-4081|3616, 207|2782, 2781
618-750|1094|738, 756, 14, 2784, 1854, 485, 2777, 1094, 2683, 2601
619-9|36|36, 24, 963, 463, 26, 4, 1389, 2114, 746, 6
620-4156|213, 2790|2827, 213, 2826, 2824, 2665, 357, 313, 215
621-2750|1937, 360, 813|965, 1923
622-1758|683, 32, 880, 848|880, 253, 117, 1461, 282, 35, 254, 1838, 32, 2626
623-398|644, 1667|552, 79, 482, 154, 40, 48, 582, 239, 1950, 2764
624-4081|3615|2782, 2781
625-1023|3633, 1001, 3634, 3617, 3618, 3619|3620, 3640, 3635, 3634, 3627, 3626, 21, 3618, 23, 3631
626-1000|79|79, 929, 599
627-793|432, 588, 589|163, 432, 759, 588, 357, 426, 213, 1130, 224, 755
628-4303|462, 2746|107, 2804, 2746, 462
629-697|1667|163, 576, 759, 72, 30, 32, 543
630-823|50, 47, 49|47, 49, 50, 485, 35, 246, 861, 66, 463, 374
631-1943|3645|1591, 903, 905
632-1353|14|14, 2213, 247, 1476, 5, 667, 625, 1094, 477, 717
633-623|313, 189|313, 78, 659, 484, 1931, 1167, 1165, 1139
634-4310|1094|1094
635-3815|254|124, 254, 78, 1354, 42, 26, 179, 484, 500
636-812|1095|797, 141, 2610, 1026, 32, 2770, 2767, 2663, 733, 2153
637-3931|154, 528|1094, 2658, 528
638-307|59, 92, 145|396, 419, 454, 224, 107, 455, 280
639-347|3648, 1714, 1100, 278, 2463|727, 1094, 634, 247, 728, 266, 510, 85, 509
640-1505|59, 794, 114|47, 114, 794, 372, 92, 59, 84, 45, 49, 1769
641-3360|224, 1132, 1130, 213, 357, 221|1130, 213, 224, 357, 2825, 221, 426, 1132, 3649, 655
642-620|45, 159, 160, 47, 49|49, 160, 159, 2518, 1899, 371, 246
643-3360|224, 1130, 689, 213, 2825, 426|1130, 213, 224, 357, 2825, 221, 426, 1132, 3649, 655
644-189|1181, 3653|2213, 144, 40, 1129, 2151, 6, 274, 188, 29, 270
645-330|79, 163, 1384, 1688, 1238|79, 47, 49, 2, 320, 59, 1812, 372, 475, 508
646-2492|239, 378, 15|731, 582, 1290, 378, 94
647-2506|1040, 745, 156, 1808|745, 1673, 1147, 713
648-1944|1094|1173, 13, 645, 5, 970, 3694, 103, 6, 3692, 29
649-2576|6, 13, 926, 676, 1684|676, 13, 1907, 1173, 154
650-1408|144, 1445, 2257|2213, 1129, 1696, 136, 2503, 2502, 134, 63, 1589, 2319
651-777|889, 914, 6, 755|890, 888, 889, 746, 36, 6
652-3908|224, 440, 85, 3656, 308, 528|2629, 1142, 107
653-770|3657, 1148|582, 1148, 498, 188, 721
654-1023|2773, 1431, 540|3620, 3640, 3635, 3634, 3627, 3626, 21, 3618, 23, 3631
655-973|517|921, 517, 353, 2756, 1010, 702
656-837|298, 207, 237|838, 806, 237, 65, 837
657-1370|2097|1150, 906, 1404, 1410, 1916, 1149, 717
658-335|22|485, 22, 127, 311, 277, 460, 67, 462, 459
659-22|2, 3, 638, 6, 77, 259|62, 638, 2, 6, 188, 635, 63, 2213, 41, 64
660-115|3674|163, 181, 5, 47, 59, 107, 395, 64, 280, 50
661-3886|1094|1094
662-342|154, 270, 108, 40, 425|708, 494, 425, 108, 40
663-3802|560, 64, 26, 167, 1946|26, 64, 1946, 167, 33, 560, 285
664-4328|107|107
665-4327|107|107
666-4328|1240|107
667-3807|2540, 41, 254, 2228, 138|138, 41, 93, 254, 555, 42, 26, 179, 1363
668-4351|462, 213, 89, 357|357, 89, 213, 367, 2665, 2824
669-4357|107, 2665, 41, 64, 26|
670-434|239|573, 2213, 1129, 78, 998, 313, 2237, 189, 582, 319
671-398|3677|552, 79, 482, 154, 40, 48, 582, 239, 1950, 2764
672-4351|462, 2824, 213, 89, 357|357, 89, 213, 367, 2665, 2824
673-4339|45, 6, 570, 3681, 31, 3679, 3683|3683, 3679, 3681, 570, 107
674-1853|1094|163, 638, 432, 582, 188, 29, 1129, 1912, 6
675-4315|3670, 3294|3294, 3670
676-4339|107, 45, 462, 6, 570, 3681, 31, 3679, 3683|3683, 3679, 3681, 570, 107
677-3319|1123, 1059, 820|2150, 189, 582, 319
678-1057|32, 641, 30, 1128|189, 167, 30, 641, 32, 82, 482, 258
679-1797|1094|1514, 1513, 1389, 2114, 1521, 189, 582, 319
680-1601|1094|1956, 1955, 1148, 1787, 1037, 48, 1656, 986, 1332, 509
681-2333|142, 342, 848, 15|342, 920, 142
682-4303|107|107, 2804, 2746, 462
683-253|29, 277|278, 29, 461, 277, 14, 1884, 5, 656, 254, 30
684-4097|29, 2553, 620, 207, 2361|2361, 207, 620, 2553, 29, 2782, 2781
685-3835|1763, 207, 2612|282, 207
686-3937|107, 1807|2665, 107, 204, 64, 342, 156, 280
687-793|2114, 1389|163, 432, 759, 588, 357, 426, 213, 1130, 224, 755
688-4358|107, 3684|
689-4356|107, 2631, 2632|
690-4330|107, 224, 6, 1158, 3685, 1580|107, 3678, 396
691-4347|107|3689, 2148, 64, 699, 174, 173, 3687
692-4348|341, 85, 1664, 279|174, 279, 1664, 85, 173, 341
693-9|36|36, 24, 963, 463, 26, 4, 1389, 2114, 746, 6
694-1872|474|1548, 670, 735, 1094, 2830, 2831, 79
695-292|10, 12, 430, 26|26, 64, 430, 12, 2538, 10, 93, 431, 427, 45
696-4047|193, 1130, 221|1130, 3647, 213, 478, 224, 357, 26, 193, 45, 3649
697-1944|1094|1173, 13, 645, 5, 970, 3694, 103, 6, 3692, 29
698-4334|107|221, 49, 48, 224, 1230, 107, 3678, 396
699-4148|107|1094
700-4134|29, 338, 1211, 1192, 1193|189, 917, 898, 461, 3692, 239, 1193, 1192, 1211, 338
701-3878|247, 1129|5, 188, 247, 14
702-242|3693, 239, 3692, 461, 14, 1534, 717, 189|105, 149, 14, 392, 1094, 582, 32, 2119, 2118, 189
703-4358|107, 18, 6, 5, 1238|
704-4358|107, 794, 18, 42, 5, 1238|
705-4298|107|3613, 107
706-3810|2539, 188|113, 1037, 52, 2539, 794
707-4329|2665, 2826, 213, 357|357, 213, 2826, 462
708-4337|107, 101|239, 142, 107, 3680, 3678, 396
