0-3909|2, 3, 353, 335, 396|2, 6, 63, 62, 49, 47, 5, 50, 4, 12
1-570|45, 462, 280, 466, 634, 467, 40|107, 280, 462, 40, 111, 45, 154, 204, 467, 466
2-174|73, 1254, 472|470, 469, 472, 471, 4, 259, 73, 254, 258, 149
3-5|459, 462, 460, 0, 22|22, 460, 462, 459, 309, 21, 473, 64, 42, 278
4-314|107, 462, 468, 40|107, 40, 6, 468, 462, 224, 45, 5, 466, 68
5-1662|1886, 13|645, 171, 49, 13, 8, 690, 691, 47, 107, 157
6-124|409|144, 29, 1072, 501, 2008, 188, 1870, 189, 14, 1129
7-1889|695, 696, 52, 697|52, 697, 696, 695, 713, 1540
8-430|698|698, 111, 283, 357, 276, 49, 106, 8, 445, 141
9-1016|247, 482, 704|729, 721, 60, 247, 13, 708, 941, 40, 926, 704
10-364|85, 102, 5, 6, 14, 760, 322, 761, 528, 771, 772, 529, 762|6, 5, 14, 32, 40, 85, 761, 30, 762, 760
11-7|8, 87, 25|8, 373, 87, 773, 51, 25, 27, 26, 24, 685
12-1238|775, 463|463, 776, 775, 1111, 1112
13-1438|14, 529|32, 14, 767, 582, 1183, 445, 130, 1203, 475, 188
14-1262|616, 339, 354, 484, 820, 464|354, 32, 616, 781, 806, 128, 35, 153, 1105, 618
15-1149|446, 47|47, 49, 35, 45, 888, 114, 879, 446, 374, 52
16-1490|1210|517, 342, 634, 894, 903, 14, 702, 1210, 898, 446
17-69|784, 45, 785, 225, 254, 29, 778, 786, 787, 83, 788, 170, 372, 789, 791, 717, 128|45, 254, 372, 49, 778, 925, 128, 717, 791, 789
18-808|793, 128|870, 46, 130, 368, 582, 128, 189, 1004, 793
19-1936|18, 79|79, 144, 29, 362, 347, 2, 113, 84, 461, 188
20-4116|1173, 189|735, 926, 189, 13, 79, 6, 241, 425, 113, 7
21-3508|957|35, 402, 156, 1015, 933, 106, 5, 172, 98, 953
22-109|6|5, 645, 6, 1060, 797, 401, 958, 248, 141, 1640
23-271|254, 42|254, 45, 42, 26, 1259, 469, 1474, 604, 1167, 1139
24-233|59, 369, 246, 370, 371, 376, 79, 372, 47, 373, 374, 375, 49|47, 49, 374, 372, 246, 370, 67, 375, 373, 79
25-3785|2094|946, 735, 618, 2468, 27, 567, 222, 88, 659
26-2493|963, 736|582, 189, 970, 188, 929, 144, 29, 405, 998, 981
27-1057|1003, 641, 484, 655|189, 82, 32, 1003, 1005, 81, 78, 1004, 500, 634
28-726|730, 1031|730, 163, 49, 188, 1415, 488, 105, 5, 130, 1243
29-3911|107, 595, 2551|47, 2551, 595, 107, 252, 409, 61, 384, 1033, 48
30-870|869, 85, 596, 1035, 68|1035, 869, 37, 68, 596, 85, 843, 1036, 49, 35
31-484|1040, 611, 602|968, 1040, 44, 1042, 32, 30, 14, 43, 632, 666
32-1209|141, 247|247, 254, 246, 45, 517, 1087, 1085, 50, 6, 1044
33-857|793, 857|68, 857, 856, 855, 47, 49, 23, 962, 14, 903
34-1904|242, 863, 23|863, 242, 645, 1716, 1715, 713, 23, 887, 888, 909
35-1232|367, 308|402, 1079, 952, 128, 728, 1050, 68, 142, 463, 386
36-217|355, 122, 246, 35, 356, 357|357, 356, 246, 122, 276, 355, 777, 1055, 93, 252
37-2082|721, 206, 397, 5|5, 583, 206, 397, 163, 1960, 1901, 721, 171, 639
38-1542|305, 522|305, 1068, 936, 1067, 952, 1065, 1064, 445, 106, 1069
39-1187|863, 91|91, 68, 90, 1076, 60, 242, 1073, 52, 881, 1556
40-722|1085, 1101, 707|1085, 14, 1101, 13, 707, 47, 49, 16, 64, 208
41-656|282, 353|353, 282, 698, 1104, 1103
42-2087|107, 1121, 542, 47, 5, 49|542, 47, 49, 219, 1119, 1122, 800, 702, 5, 113
43-2472|715, 1835, 806, 1837|252, 893, 1837, 1836, 207, 35, 620, 1835, 418, 6
44-1985|654|1616, 752, 6, 5, 751, 717, 26, 970, 3696, 1399
45-1770|247, 1060, 939|1060, 206, 409, 247, 1134, 5, 130, 1145, 644, 35
46-801|582, 1183|1183, 582, 1145, 1309, 245, 551, 189, 319, 445, 79
47-212|343, 348, 85, 154, 2567, 1185, 147, 970, 64, 422, 296, 1190, 22|1185, 189, 1186, 835, 22, 343, 344, 342, 341, 147
48-233|47, 353|47, 49, 242, 92, 374, 370, 67, 353, 372, 246
49-1422|172, 672, 4, 5|672, 183, 4, 1297, 645, 608, 1060, 5, 172
50-526|247, 621|14, 189, 106, 621, 247, 1631, 5, 359, 578, 32
51-602|1197|1197, 47, 423, 1218, 360, 1217, 50, 717, 49, 253
52-4083|2553, 467|19, 830, 838, 1198, 207, 6, 654, 1041, 1199, 103
53-14|114, 1200, 609, 49|49, 246, 47, 46, 1200, 48, 247, 665, 408, 242
54-83|567|567, 126, 45, 35, 49, 1134, 65, 511, 153, 418
55-1289|141, 45, 733, 242, 167|242, 68, 1256, 1201, 6, 614, 1046, 342, 800, 45
56-653|14, 22|22, 170, 40, 84, 227, 582, 363, 698, 111, 64
57-1477|1202|1202, 1923
58-1189|1077, 282, 342, 45, 32|1077, 35, 282, 32, 179, 1078, 207, 342, 45, 1383
59-109|645|645, 5, 6, 926, 1203, 130, 1060, 14, 750, 1094
60-2661|179|340, 254, 45, 1923, 2699, 2695
61-1222|707, 217, 1893, 1102, 110|645, 14, 707, 898, 425, 5, 1215, 100, 568, 13
62-2076|117, 107, 83, 79, 47, 68, 49|47, 1218, 423, 655, 45, 246, 50, 114, 1235, 49
63-3503|1053|1053, 354, 302, 605, 64, 339, 258, 508, 826
64-1866|898, 706, 1543, 717|1543, 943, 655, 898, 906, 482, 705, 106, 947, 1003
65-1542|1068, 305, 936|1250, 936, 1251, 206, 723, 1252, 645, 1063, 39, 1253
66-361|61, 1689|47, 61, 114, 1427, 63, 45, 15, 49, 478, 6
67-456|79, 84, 278|79, 84, 21, 113, 47, 68, 22, 64, 278, 20
68-632|106, 305, 936|305, 106, 936, 952, 1260, 684, 163, 685
69-407|50, 51, 487, 1074, 5|5, 487, 580, 50, 1074, 64, 794, 51, 417, 153
70-3875|239, 249, 14, 1678|1070, 1067, 1261, 1066, 1065, 1064, 1063, 445, 78, 481
71-607|62, 1266, 560, 1268, 311|560, 2, 1265, 1273, 297, 1266, 1268, 1270, 1215, 323
72-1370|271, 1274, 225, 963, 812, 500, 273, 1150, 1181|717, 812, 225, 1274, 271, 963, 17, 81, 1275, 1150
73-1966|1285, 1281, 1284, 1280, 1283, 396|1283, 1280, 396, 1284, 153, 1285, 1276, 1279, 655, 1278
74-4039|1286|1286, 2749, 2741, 184, 1110
75-2467|1368, 1588, 1292, 1294|1294, 1289, 1292, 1307, 1297, 1296, 1306, 1293, 817, 42
76-918|687|208, 65, 6, 1311, 266, 371, 354, 517, 342, 49
77-3340|426, 388, 1332, 553|426, 1332, 63, 32, 47, 65, 553, 437, 48, 107
78-984|1207, 768, 85, 198|768, 198, 645, 13, 6, 85, 1207, 538, 42, 571
79-381|117, 79, 213, 357, 457|79, 357, 213, 117, 1297, 84, 40, 521, 1809, 318
80-1028|41, 39, 5, 6|39, 65, 6, 5, 41, 206, 242, 933, 26, 963
81-1527|141, 45, 254, 1426|254, 385, 45, 11, 121, 85, 103, 141, 68, 1255
82-110|50, 51, 52, 175|52, 175, 65, 795, 1540, 1549, 6, 5, 323, 671
83-1105|1339, 1337, 1023, 13|1337, 13, 1023, 1339, 1802, 1604, 117, 6, 5, 1340
84-1475|1341, 188, 22|22, 1341, 188, 343, 40, 84, 73, 360, 582, 2630
85-2443|1811, 582, 703, 655, 1534|655, 582, 412, 1811, 556, 517, 113, 1277, 1809, 651
86-268|49|49, 1147, 5, 29, 22, 409, 47, 188, 1047, 1717
87-1641|254, 604, 556, 1219, 26, 42, 1259, 124|1259, 170, 26, 239, 319, 1355, 254, 1353, 1427, 1348
88-323|65, 84, 40|40, 84, 65, 79, 14, 41, 479, 478, 107, 102
89-2531|498|98, 84, 22, 750, 906, 147, 475, 1351, 674, 704
90-3948|239, 324, 855|1353, 590, 962, 812, 225, 464, 379, 170, 1132, 181
91-427|106, 1077, 1060, 1201|47, 49, 246, 171, 1201, 247, 130, 45, 14, 1060
92-3302|1240|577, 517, 815, 1389, 892, 1387, 1347, 342, 1388, 965
93-1744|354|29, 833, 1390, 1454, 189, 2829, 917, 335, 354, 3692
94-3884|117, 2, 1392, 6, 1393, 1212, 756, 5, 660, 746|348, 1391, 5, 746, 14, 1393, 1392, 223, 3611, 280
95-1145|6, 1099, 5, 418|645, 715, 1048, 35, 5, 1715, 49, 47, 6, 926
96-3948|401, 298, 239, 103, 85, 962, 2977|1394, 1395, 579, 1199, 85, 103, 298, 1396, 401, 1094
97-388|30, 32|32, 717, 824, 189, 1923, 735, 500, 482, 1005, 1004
98-780|247, 1397, 645, 14|645, 1397, 618, 13, 707, 425, 14, 189, 3694, 267
99-1953|1398|1398, 1399, 490, 342, 116, 354, 221, 189, 3697, 3692
100-1424|1401, 323, 5, 6|1401, 311, 6, 5, 926, 14, 323, 264, 263, 142
101-2402|181|1279, 1277, 106, 1406, 101, 1345, 117, 113, 1099, 50
102-2027|1416, 60, 774, 206, 1419, 1413|206, 1411, 64, 1416, 1413, 68, 39, 774, 93, 1419
103-2015|342, 38|64, 45, 253, 35, 1608, 1606, 386, 26, 388, 1038
104-804|748, 1437, 339|189, 5, 6, 3692, 14, 717, 267, 461, 746, 3695
105-3882|1440, 107|98, 14, 1438, 1359, 24, 490, 1441, 1439, 466, 228
106-460|432, 588, 589|589, 588, 432, 1443, 1442, 1444, 932, 78, 189, 582
107-2486|1448, 1762|1453, 1434, 1844, 1435, 1845, 5, 1447, 48, 511, 27
108-1282|565|565, 1556, 811, 794, 641, 367, 1275, 365, 154, 217
109-1210|1080, 107, 952, 1462, 1091, 14, 1460, 1466, 1092, 1067|1079, 952, 1092, 1091, 107, 402, 1466, 1461, 1067, 1460
110-804|1469|704, 42, 67, 189, 512, 1258, 206, 582, 717, 1060
111-1360|1580, 1144|13, 1473, 189, 5, 1471, 6, 14, 1144, 230, 42
112-1541|137, 2, 935, 1475, 6, 305, 111, 98, 936|111, 305, 935, 1475, 936, 98, 6, 2, 137, 172
113-3331|231, 14, 898|14, 898, 231, 49, 48, 47, 46, 1477, 1476, 250
114-816|340, 810, 32|340, 128, 64, 821, 169, 628, 32, 810, 112, 781
115-934|1510|1492, 1514, 1513, 1491, 1500, 1482, 1480, 1505, 1522, 1494
116-971|903|903, 98, 820, 863, 1045, 1105, 219, 290
117-1597|114, 188, 47, 49|49, 47, 79, 475, 5, 17, 45, 1331, 692, 163
118-845|845|845, 5, 47, 810
119-407|1797, 52, 557, 5|580, 424, 1524, 470, 1074, 1129, 1525, 696, 5, 487
120-1583|1526, 133|47, 1526, 1027, 1351, 29, 1160, 116, 2, 1312, 1313
121-1571|64, 6|6, 64, 39, 674, 1781, 1099, 54, 371, 517, 353
122-205|21, 64, 155|64, 6, 22, 42, 155, 21, 20, 291, 325, 107
123-850|50, 142, 14|50, 14, 156, 242, 1528, 847, 147, 39, 45, 142
124-639|59, 499, 49|49, 499, 47, 59, 50, 6, 14, 45, 126, 864
125-1873|1900, 63, 32, 26|32, 179, 378, 63, 296, 270, 79, 106, 992, 48
126-719|241, 13, 1060|13, 241, 1060, 16, 624, 14, 707, 239, 645, 1337
127-4161|1037, 1267, 1032|732, 582, 1037, 1537, 944, 163, 638, 1033, 5, 397
128-256|725|49, 372, 1236, 721, 1551, 14, 1094, 79, 926, 22
129-615|673|673, 618, 1300, 1552, 905, 1553, 920, 659, 342, 1292
130-948|903, 266|903, 354, 485, 180, 917, 634, 367, 266, 897, 15
131-385|94, 419|94, 79, 543
132-3564|107, 1557, 1564, 1099, 498, 1566|498, 1564, 47, 703, 1566, 94, 1558, 1563, 1557, 649
133-1914|835, 2801|835, 1199, 620, 910, 2617
134-1255|1547, 1347|961, 354, 503, 1307, 85, 1347, 1569, 1109, 863, 242
135-938|915|299, 565, 737, 712, 1293, 634, 915, 1266, 1045, 1570
136-1421|1582, 645, 939|14, 645, 5, 6, 35, 939, 1003, 44, 189, 172
137-1188|93|93, 254, 881, 64, 45, 1157, 246, 794, 49, 2
138-396|29, 337, 313|409, 644, 13, 1148, 144, 29, 932, 645, 538, 189
139-4302|3642, 1352, 3643|939, 847, 1060, 1591, 903, 905, 1173, 1084, 645, 13
140-448|49, 1050, 1382, 79, 388|49, 79, 59, 1382, 247, 47, 38, 1050, 388, 114
141-1193|1595|141, 167, 369, 1592, 402, 1597, 728, 1594, 1593, 527
142-4054|282, 620, 2621, 2607, 1942, 1157|2663, 620, 1394, 1597, 116, 1598, 654, 206, 29, 242
143-4352|8, 685|372, 61, 60, 384, 55, 47, 93, 15, 171, 49
144-1147|774, 206|863, 228, 206, 39, 1426, 1049, 1266, 774, 223, 181
145-1023|72, 1406, 98, 221|582, 1127, 906, 5, 85, 103, 402, 282, 731, 15
146-1546|1283|1283, 1280, 396, 1284, 1282, 1281, 1053, 32, 2108, 2107
147-1517|208|208, 52, 369, 796, 795, 794, 1694, 1697, 1389, 2114
148-1704|112, 14|14, 645, 113, 514, 676, 1753, 587, 286, 1060, 207
149-1777|29, 85|486, 1603, 85, 107, 219, 98, 1079, 1385, 302, 891
150-804|45|1073, 14, 222, 32, 779, 45, 42, 67, 402, 1079
151-3508|1613, 1604, 85, 649, 402, 35, 103|35, 402, 156, 1015, 13, 1337, 254, 1605, 252, 154
152-2028|1606, 466, 1610, 1608, 1029|1608, 1606, 1610, 1425, 253, 1609, 228, 1613, 1607, 1620
153-435|2151, 47, 68|1077, 47, 654, 64, 206, 45, 49, 253, 1049, 371
154-3457|107, 1606, 253, 1608, 1425|45, 1425, 1608, 1606, 1630, 254, 1010, 1423, 1613, 1628
155-525|107, 1631, 1090, 47, 49|1631, 49, 1090, 14, 47, 113, 1632, 46, 79, 32
156-1344|1649, 135, 47|47, 135, 1637, 1639, 1640, 32, 1645, 113, 1644, 1648
157-66|123, 311, 20, 366, 278, 21, 64, 127, 124, 22|127, 22, 64, 21, 20, 117, 0, 361, 367, 92
158-2044|6|6, 14, 977, 1647
159-2094|193, 1717, 177|177, 858, 628, 279, 577, 1651, 1617, 5, 1060, 35
160-1607|188, 189|144, 29, 5, 188, 206, 31, 2, 79, 189, 48
161-1285|335|254, 1657, 26, 748, 1259, 1425, 68, 67, 1354, 546
162-222|85, 726, 14, 361|704, 14, 13, 85, 361, 717, 1137, 171, 93, 254
163-1921|341, 154, 1665, 40, 344|188, 644, 94, 2, 835, 5, 1665, 6, 308, 1664
164-1384|485, 206, 1666, 105, 1236|1666, 1236, 571, 570, 732, 32, 1060, 105, 206, 1145
165-3566|128|764, 1667, 1671, 1670, 1669, 948, 706, 567, 1672, 189
166-829|803|803, 517, 806, 354, 153, 112
167-3875|239, 249, 14, 1678, 936|1145, 84, 1148, 645, 206, 1079, 1385, 302, 98, 6
168-156|171, 94, 41, 206, 1706|1698, 5, 1702, 94, 542, 206, 1706, 163, 1090, 227
169-1216|1714, 1081, 1713, 1466|1092, 1466, 1711, 1080, 1081, 1461, 1091, 1067, 1460, 1462
170-1097|715, 852, 39, 206, 645, 1715, 1252, 5|206, 5, 39, 1715, 645, 1067, 723, 715, 305, 1068
171-868|400, 1621, 47|47, 374, 373, 180, 883, 45, 1722, 32, 1621, 400
172-168|6, 5|5, 6, 707, 85, 14, 898, 231, 13, 1060, 618
173-471|546|546, 49, 47, 126, 45, 542, 102, 511, 371
174-2369|142, 342|342, 142, 631, 776, 550, 24, 815, 920
175-2378|1755, 1751, 1347|1751, 1347, 768, 1752, 1750, 1755, 1761, 2682, 686, 22
176-2343|239, 659|659, 239, 354, 898, 342, 1111, 1205, 24, 964, 1726
177-2182|1111, 1757|1111, 1455, 1530, 342, 631, 776, 1757, 1736, 142, 463
178-2362|1755, 1761|1761, 1347, 1751, 1755, 2682, 768, 593, 22, 518, 163
179-3319|810, 582|582, 189, 319, 832, 32, 239, 806, 805, 2150
180-3819|1590, 976|968, 2545, 2544, 1763, 1762, 113, 1766, 1765, 63, 1764
181-890|50, 228, 713, 879, 887, 1426|228, 50, 887, 888, 909, 879, 342, 242, 1653, 350
182-2412|354, 1099, 237|1099, 237, 1777, 1129, 1782, 6, 1781, 49, 1769, 113
183-895|659, 1787|1788, 463, 1787, 659, 1037, 702, 342, 325, 1785, 1290
184-4352|1790|372, 61, 60, 384, 55, 47, 93, 15, 171, 49
185-2394|107, 595, 869, 1791, 2296, 455, 843, 1036, 47|595, 1036, 596, 843, 1791, 869, 107, 1765, 35, 49
186-1891|246|246, 298, 47, 49, 1770, 52, 498, 94, 794, 117
187-651|52, 308|52, 1797, 92, 787, 2680, 14, 50, 246, 1320, 469
188-2059|764, 1267, 567, 1800, 1801, 1667, 706|567, 706, 764, 1800, 1667, 65, 1801, 1267, 930, 1671
189-2425|239, 446, 1789, 1210|1789, 221, 335, 339, 1743, 58, 15, 56, 920, 491
190-135|62, 1762, 638, 409|6, 62, 122, 63, 2, 5, 47, 1266, 649, 499
191-161|1803, 781, 217, 240, 241, 13, 54|240, 13, 241, 217, 239, 5, 913, 6, 49, 14
192-551|206|206, 397, 5, 47, 45, 14, 645, 582, 50, 213
193-4159|1558|863, 1558, 187, 746, 649, 629, 35, 242, 299, 498
194-29|141, 79, 1808, 42|79, 1808, 72, 74, 1809, 1807, 1813, 68, 26, 76
195-3532|141|1816, 1558, 1663, 141, 1426, 103, 683, 29, 1818, 1817
196-2459|1821, 1207, 1820|52, 1819, 1821, 1426, 1820, 1822, 1240
197-1968|52|1240, 1822, 52, 46, 68, 1827, 1376, 1826, 45, 527
198-4353|117, 306, 971, 84, 64|372, 61, 60, 384, 55, 47, 93, 15, 171, 49
199-4353|214, 971, 405, 84, 64|372, 61, 60, 384, 55, 47, 93, 15, 171, 49
200-245|120, 88, 140|1675, 396, 140, 120, 2577, 117
201-1561|1833, 550, 1298, 1294|1833, 1299, 1298, 1297, 1296, 1834, 1293, 107, 1294, 1588
202-4354|1434, 1590, 836, 2634|372, 61, 60, 384, 55, 47, 93, 15, 171, 49
203-1989|45, 342, 35, 654, 2382, 68|35, 253, 68, 654, 1836, 970, 353, 1841, 206, 1199
204-2488|1448, 1845|1448, 1846, 1845, 1844, 1435, 1766, 596, 858, 638, 1434
205-3599|1450, 113|858, 1434, 1453, 1847, 113, 1198, 455, 638, 753, 353
206-758|378, 1808, 582|1808, 94, 582, 817, 1002, 171, 1848, 732, 378, 482
207-17|14, 49|49, 45, 14, 247, 47, 254, 246, 59, 79, 4
208-2486|1344|631, 1344, 1766, 1844, 1435, 1845, 6, 299, 48, 49
209-2055|64, 596, 29, 858, 335, 64, 250, 64|64, 60, 6, 858, 29, 277, 1256, 154, 342, 339
210-341|50, 51, 493|51, 50, 493, 1427, 499, 103, 85, 175, 623, 1271
211-234|377, 378, 254, 1854|377, 254, 1854, 153, 26, 124, 463, 65, 379, 380
212-3889|1828, 1129, 1855, 149|149, 1855, 1129, 1828, 1888, 2599, 1330, 2600, 208, 81
213-1773|254|254, 313, 808, 1354, 1009, 1860, 1421, 1857, 794, 469
214-3122|669|669, 965, 308, 377, 26, 170, 124, 388, 527, 254
215-2983|732, 582, 1862, 470|470, 1667, 553, 992, 1676, 1862, 1869, 65, 1270, 659
216-1461|1554, 666, 556, 32, 365, 1043, 632|470, 2601, 582, 576, 1183, 800, 1585, 1225, 1223, 359
217-1601|48, 1667|1870, 1956, 1955, 1148, 1332, 509, 1787, 1037, 48, 1656
218-2398|1077, 219, 114, 1769, 47, 49|47, 1077, 49, 35, 1769, 114, 242, 372, 794, 113
219-404|963, 1878, 404|963, 404, 645, 1878, 1870, 221, 66, 479, 6, 40
220-4160|654, 1881, 1447|1796, 338, 1882, 1881, 654, 1880, 339, 1590, 1879, 449
221-3329|1884, 1650, 1173|1173, 1885, 1884, 240, 14, 47, 766, 2, 1006, 690
222-3880|153, 11|54, 1042, 1040, 968, 66, 634, 787, 52, 92, 1802
223-1421|1892, 6, 939, 5|5, 6, 1891, 245, 103, 14, 85, 683, 39, 1892
224-3574|935, 60, 68, 1897, 91|60, 1897, 935, 26, 45, 254, 124, 247, 389, 2577
225-3837|1939, 94|808, 254, 35, 455, 1130, 335, 206, 512, 2676, 47
226-694|638, 3610, 3609|713, 638, 3610, 3609, 17, 149, 712, 2775, 308, 357
227-61|60, 29, 1898, 372|372, 1898, 60, 47, 313, 59, 79, 49, 29, 692
228-3876|1930, 436, 46|939, 1386, 39, 1097, 1629, 1077, 5, 645, 707, 1079
229-2082|206, 5|397, 5, 206, 163, 638, 62, 171, 105, 1813, 1808
230-3530|1270|1420, 6, 50, 5, 198, 103, 1052, 112, 1270, 913
231-1467|794, 1196, 38, 47|47, 59, 1196, 38, 794, 5, 26, 1900, 50, 1382
232-156|711, 206, 40, 397, 5|206, 5, 397, 1901, 721, 572, 1903, 1032, 163, 1266
233-2582|1909|221, 49, 48, 224, 1230, 5, 6, 239, 142, 3683
234-65|122, 600, 2513, 54|122, 1060, 39, 117, 121, 111, 107, 201, 2513, 454
235-1402|939|546, 49, 522, 523, 47, 206, 939, 1060, 5, 14
236-4352|685, 713, 1914|372, 61, 60, 384, 55, 47, 93, 15, 171, 49
237-1644|370|179, 370, 1448, 1915, 1224, 47, 1225, 1353, 359, 679
238-1778|707, 1472, 1917|1916, 707, 14, 1060, 1917, 1733, 926, 1144, 264, 85
239-347|14|14, 266, 32, 707, 727, 247, 728, 704, 230, 553
240-1560|889, 6, 5|5, 1275, 342, 6, 645, 119, 94, 64, 191, 545
241-640|50, 85, 39, 103|39, 5, 970, 4, 1184, 645, 354, 519, 1046, 463
242-2821|1933|1923, 1932
243-116|342, 1629|1060, 469, 1629, 64, 254, 511, 42, 93, 26, 147
244-3822|736|736, 1293, 2577, 171, 815, 281
245-3312|1940, 1942, 654, 1938|1938, 179, 1942, 1941, 1940, 1939, 654
246-3311|1940, 1941, 179, 1938|179, 1939, 1938, 1942, 1941, 1940, 798, 1943
247-3310|179, 1938|179, 1939, 1938, 798, 1943, 654
248-3267|32, 32, 824, 824, 1934, 1936, 1935|1935, 1934, 824, 32, 1933, 1936
249-4160|2061, 466, 449|449, 466, 2061, 597, 1436, 50, 763, 85, 408, 78
250-2933|965|965
251-1625|590|457, 1228, 31, 551, 1345, 582, 117, 5, 1194, 676
252-1531|335|1259, 189, 42, 26, 179, 250, 12, 1657, 1360, 1321
253-781|713, 1799|42, 746, 749, 6, 535, 1931, 851, 469, 1326, 1945
254-1498|319, 582, 189|189, 582, 319, 412, 417, 732, 651, 2213, 464, 603
255-751|240|163, 240, 13, 1173, 768, 14, 668, 1808, 693, 247
256-1790|1957, 1956|1957, 1966, 32, 1956, 1864, 1527, 1686, 1873, 220, 409
257-2473|3500, 35, 3622|1836, 970, 35, 38, 1840, 1038, 298, 2676, 636, 2618
258-3448|2056, 2057, 1971, 2029|2029, 1971, 2057, 2056, 2026, 2025, 654, 2008, 2028, 2043
259-3430|1971, 2012|1971, 1221, 654, 2008, 899, 1431, 2019, 2006, 2011, 2010
260-3370|1969, 1970|1970, 1969, 1976, 1620, 1983, 1079, 565, 103, 1971, 1985
261-661|85, 32, 1988|1079, 402, 1970, 1988, 1983, 2021, 103, 2024, 1921, 2023
262-3787|98|892, 490, 14, 98, 466, 163, 240, 668, 52, 1808
263-837|32, 237|1597, 837, 207, 838, 806, 237, 65, 1922, 418, 827
264-3427|179|256, 32, 85, 1620, 353, 156, 1983, 179, 1970, 21
265-3357|1864|1864, 64, 191, 2158, 2568, 192, 2569, 1966
266-1434|107|939, 107, 1182, 462, 409, 638, 62, 1094
267-1416|2077, 14|14, 94, 49, 140, 498, 39, 1145, 667, 1015, 392
268-169|369|254, 369, 26, 1259, 189, 308, 377, 170, 841, 849
269-1629|154|768, 1347, 1147, 1752, 364, 769
270-1517|794, 198, 1420, 1697|1697, 796, 52, 1694, 167, 308, 1420, 12, 6, 112
271-3476|2080|2080, 2082, 2079
272-3474|2082, 2080|2080, 2082, 2079, 2081
273-3474|2082, 2080|2080, 2082, 2079, 2081
274-234|469, 2083, 42|469, 42, 1857, 2083, 471, 378, 377, 379, 380, 1353
275-2803|248, 1710, 1747|140, 142, 308, 1578, 1247, 556, 1362, 1923, 1403, 414
276-3476|198, 2080|2080, 2082, 167, 198, 2081, 2084
277-269|6, 5|181, 5, 6, 49, 64, 47, 107, 21, 20, 111
278-2406|595, 35|595, 35, 596, 1077, 2382, 1096, 47, 49, 891, 843
279-276|106, 62, 107, 410, 2, 4, 122, 408, 523, 188, 477, 49|49, 408, 188, 2, 62, 106, 122, 107, 410, 4
280-1381|208, 2469|542, 372, 47, 208, 246, 2089, 2085, 49, 48, 219
281-1857|175|52, 794, 795, 175, 150, 623, 2094, 1271, 1544, 1539
282-2575|188|2098, 478, 189, 188, 929, 144, 29
283-490|87|469, 42, 1857, 471, 14, 93, 107, 106, 645, 5
284-1721|29, 1009, 254|1009, 556, 1325, 1190, 922, 217, 902, 2, 72, 214
285-3312|1450, 35, 1942, 654, 1394, 2850|2101, 2102, 2104, 35, 37, 1096, 39, 454, 2103, 2100
286-3817|596, 46, 2542|596, 1079, 1096, 2106, 1696, 2542, 1347, 46, 2105, 1958
287-533|45|49, 47, 163, 5, 395, 59, 426, 609, 45, 1237
288-1508|826|826, 1053, 302, 605
289-3470|1761|1761, 1760, 1347, 2200, 1751, 1755, 768
290-1966|117, 2107, 1281, 2108, 1283|1283, 2107, 2108, 117, 153, 181, 1053, 32, 733
291-2069|172, 45, 29, 463, 683, 1347, 1059, 73, 103, 179, 5|2109, 92, 690, 293, 461, 240, 217, 686, 2110, 672
292-2090|1420|1420, 50, 6, 198, 206, 8, 1717, 62, 1325, 1715
293-1788|1114|20, 15, 898, 2111, 65, 1114, 819, 916, 815, 1507
294-3459|35, 1366, 5|35, 1423, 402, 282, 806, 253, 156, 1015, 184, 838
295-1805|2, 79, 113|79, 2, 113, 29, 18, 1928, 999, 78, 582, 1003
296-3874|359|423, 246, 359, 1320, 942, 2579, 49, 47, 2072, 1823
297-2432|1457, 3, 57, 15, 1747|491, 485, 57, 1457, 759, 1253, 659, 621, 1529, 1747
298-110|1094|52, 175, 221, 2680, 65, 357, 1806, 213, 303, 85
299-3855|2117, 304|304, 2117, 2801, 242, 2565, 280, 2566
300-1297|902, 217, 2118, 2119, 32|2119, 2118, 800, 217, 1124, 582, 922, 221, 1684, 152
301-1319|1277|217, 216, 6, 64, 79, 2, 40, 42, 30, 32
302-71|1631|1631, 47, 131, 130, 396, 279, 122, 17, 145, 45
303-2063|659, 313, 660|660, 313, 659, 189, 84, 1671, 1670, 1669, 764, 1923
304-3873|171, 2096|2127, 2128, 208, 342, 24, 774, 1270, 913, 239, 2096
305-3531|2132, 2133, 179|179, 32, 1939, 373, 1200, 819, 1094, 228, 1938, 1983
306-1061|239, 999, 582, 1000, 813|817, 239, 245, 1002, 732, 813, 1000, 582, 999, 49
307-3229|110|717, 5, 26, 965
308-4353|2, 971|372, 61, 60, 384, 55, 47, 93, 15, 171, 49
309-2101|64, 1111, 142, 342, 1724|342, 142, 1111, 64, 1724, 1455, 24, 1530, 20, 354
310-878|247|208, 5, 6, 2134, 247, 2144, 1348, 85, 2135, 35
311-3808|93|93, 1094, 42, 45, 138, 41, 395, 163, 531, 648
312-3504|206, 2146|206, 2146, 2109, 92
313-3801|1946|42, 2126, 142, 68, 1946, 1427, 2687, 93, 26, 179
314-1682|49|6, 2147, 35, 12, 502, 418, 654, 1597, 122, 49
315-502|1145|14, 32, 266, 625, 256, 85, 593, 322, 5, 342
316-2512|1009, 1620|1009, 733, 2148, 2053, 2149, 266, 335, 103, 85, 1620
317-2023|2117, 304|1610, 141, 2117, 1620, 1627, 304, 668, 1618, 228, 1608
318-1915|469, 436, 2151|2150, 808, 2151, 1060, 383, 469, 835, 12, 6, 112
319-1100|906, 527|1019, 1018, 527, 906, 1129, 2213
320-806|801|782, 779, 2153, 797, 32, 6, 418, 2152, 801, 68
321-1952|1597|1597, 32, 801, 207, 1394, 654
322-187|1094|1094, 52, 478, 1540, 6, 5, 267, 264, 263, 186
323-2058|195, 1664|47, 1615, 52, 45, 246, 228, 39, 236, 2154, 2155
324-1943|905|1300, 618, 673, 1553, 189, 1591, 903, 905
325-65|2513|45, 117, 122, 49, 126, 17, 121, 111, 201, 359
326-810|826|826, 782, 779, 803
327-2520|93|93, 45, 254, 26, 64, 621, 555, 2158
328-4159|102, 2160, 2161, 2164|2167, 2166, 2164, 2163, 2161, 2160, 117, 2159, 319, 2168
329-2868|2172|2179, 2172, 2175, 2180, 965
330-1673|645, 978, 14|645, 2197, 1181, 1015, 14, 978, 1397, 618, 1060, 2193
331-428|50, 126, 511, 246|122, 49, 126, 396, 35, 419, 454, 2213, 45, 408
332-388|32, 717|189, 717, 500, 565, 1005, 1004, 482, 40, 485, 32
333-68|125, 122, 22|22, 64, 21, 20, 122, 117, 127, 125, 107, 149
334-2481|402, 38|2155, 253, 838, 1199, 1038, 35, 298, 6, 38, 402
335-3579|79|79, 664, 68, 52, 2198, 42, 179, 72, 2207
336-3547|1610, 1029|1610, 1029, 2605, 228, 68, 2585, 2584
337-2361|1752, 768, 1755, 1751, 2200, 1347|1347, 768, 2200, 1751, 1755, 1752, 686, 2199, 246, 1761
338-3578|1610, 2201|1610, 2201, 2202, 228
339-26|1161|1161, 645, 1157, 46, 1137, 717, 512, 35, 246, 1142
340-2829|2311|1610, 228, 2202, 1923
341-119|50, 128, 713, 47|47, 370, 49, 256, 85, 488, 424, 188, 128, 1641
342-420|2206, 48, 65, 84|84, 48, 135, 32, 65, 30, 42, 171, 79, 1069
343-1023|2211|5, 717, 3692, 85, 6, 461, 970, 14, 29, 3694
344-1832|228, 2212|1610, 228, 2605, 2212, 863
345-3663|2213, 335, 301, 158, 1129, 654|2213, 144, 2287, 2286, 2285, 6, 18, 63, 2227, 2
346-3612|2213, 574, 2068|2213, 1129, 217, 2068, 2215, 6, 52, 2249, 979, 308
347-3588|2213, 2238, 501|2213, 1129, 2215, 2238, 137, 2, 501, 63, 146, 221
348-3645|29, 144|2213, 144, 29, 1129, 742, 918, 2320, 188, 2361, 587
349-3708|2362, 2213, 2363, 2364, 2365, 2366, 2353|2213, 2365, 2353, 2366, 2364, 2363, 2362, 424, 1882, 2367
350-3765|67, 2213, 1359, 1141, 23|2213, 1915, 67, 23, 1141, 6, 335, 1359, 2266, 2464
351-3692|2213, 1229, 2235|2213, 2235, 1229, 1032, 364, 247, 2469, 2423, 48, 132
352-911|505, 902, 903, 266|266, 903, 902, 897, 505, 2471, 16, 624, 1895, 217
353-3628|1915, 2213, 512, 2466, 2126|2213, 2126, 512, 1915, 441, 2466, 18, 2244, 2235, 113
354-3679|2213, 1084, 548|2213, 48, 548, 1236, 1129, 2341, 2487, 1084, 144, 2342
355-3662|2492, 2459, 2213|2213, 2321, 2459, 1776, 177, 2230, 737, 2493, 2486, 29
356-3737|2231, 2422, 2213|2213, 2422, 2231, 2494, 1915, 1129, 2244, 103, 2458, 1709
357-1405|886, 2213, 144|2213, 144, 29, 1532, 2318, 1129, 1776, 133, 18, 152
358-3592|2213, 72, 2322|2213, 72, 1129, 2322, 1810, 404, 2427, 214, 1915, 2426
359-3754|85, 2463|1776, 2213, 2429, 2235, 2463, 85, 2470, 2229, 1034, 1344
360-3737|2458, 2213, 103|2213, 2422, 2494, 103, 1129, 2244, 2055, 2515, 2247, 2458
361-2479|35|478, 454, 500, 353, 370, 1836, 35, 179, 755, 1158
362-1928|2, 454, 2106, 313, 35, 717|35, 454, 717, 2, 2512, 313, 2106, 65, 2514, 189
363-276|2213, 408, 1129, 49|2213, 49, 408, 1129, 63, 29, 188, 2, 144, 62
364-2453|1346, 35, 2518|2518, 49, 1346, 371, 1899, 35, 114, 2519, 621, 2336
365-1154|1592|64, 851, 26, 945, 67, 1592, 395, 42, 1266, 206
366-3767|2213|2213, 2386, 2384, 2393, 2387, 2385, 1315, 2383, 2395, 2392
367-783|432, 2521, 759, 582, 755, 163|163, 759, 758, 757, 756, 113, 755, 254, 198, 45
368-966|841|1570, 128, 634, 1116, 1115, 64, 894, 2474, 1453, 528
369-3324|2523|2523, 49, 371, 114, 2229, 1832, 582, 615, 189, 319
370-1252|1410|1410, 728, 1118
371-3825|154, 568, 898, 512, 149|568, 149, 512, 898, 154, 1006, 13, 2526, 241, 1855
372-3784|1848|47, 1315, 488, 2535, 1447, 2263, 1942, 2534, 48
373-3455|295, 2530, 2167, 2163, 2164, 2160, 2166|2166, 2160, 2163, 2164, 2530, 2167, 2169, 117, 2161, 295
374-725|63, 2531|2531, 163, 105, 5, 572, 113, 1002, 582, 800, 1121
375-4355|1854, 14, 2532, 1236|372, 61, 60, 384, 55, 47, 93, 15, 171, 49
376-2583|835, 1795|382, 1795, 1794, 1793, 1792, 1599, 1451, 1942, 546, 2535
377-3789|216, 345|314, 659, 733, 737, 2468, 149, 188, 1620, 832, 644
378-1889|52, 2008, 501|501, 2008, 52, 116, 237, 1887, 214, 15, 405, 713
379-103|45, 254, 64, 26, 167, 93|64, 26, 93, 1946, 42, 49, 254, 167, 45, 2538
380-2072|1664, 5|5, 85, 764, 79, 29, 965, 951, 94, 171, 47
381-9|34, 6, 24, 36|36, 24, 963, 746, 6, 4, 463, 26, 49, 46
382-798|1485, 1482, 1514|776, 618, 673, 1301, 1297, 895, 1300, 342, 446, 905
383-1146|968, 1425|968, 645, 5, 45, 453, 6, 83, 247, 1662, 242
384-3811|2544, 2545, 968|968, 2544, 2545, 6, 499, 2543, 83, 5, 247, 144
385-4045|2549|1013, 659, 342, 2510, 446, 223, 344, 1588, 631, 655
386-1817|1170, 79, 163, 188|5, 188, 79, 94, 1170, 128, 442, 1293, 228, 948
387-2450|191|191, 64, 1955, 163, 1864, 40, 192, 1815, 3657, 31
388-3826|141, 1239, 242, 253, 1838, 236, 298, 35|242, 35, 1346, 382, 141, 299, 662, 1613, 800, 45
389-1886|794, 52|50, 794, 51, 5, 487, 48, 1578, 150, 1544, 2207
390-2364|1754|1754, 425, 1893, 2525, 690, 1006, 2524, 1661, 1662, 1625
391-2479|35|35, 1836, 253, 6, 1839, 970, 236, 354, 1805, 1858
392-1065|1006|913, 568, 13, 1754, 241, 1006, 495, 240, 1855, 171
393-458|2, 6, 906, 250, 259|6, 5, 1818, 30, 32, 2548, 645, 2, 906, 13
394-3871|687, 1047, 511|181, 517, 5, 6, 1812, 171, 1047, 1717, 29, 49
395-2000|715, 32|282, 806, 6, 715, 353, 838, 1423, 512, 35, 2155
396-4077|29, 339, 2553|1447, 1835, 2552, 517, 976, 1477, 353, 2553, 29, 2782
397-4116|500, 1173, 189|645, 1173, 663, 112, 2554, 27, 402, 499, 128, 444
398-3847|179|179, 153, 1158, 2556, 2558
399-3853|484, 2558|2558, 1158, 2557, 2560, 484, 179, 1200, 2559, 2561
400-3852|2561|1158, 2557, 2560, 2558, 2561, 179, 2559, 484
401-3322|2570, 81|1667, 264, 23, 106, 102, 484, 564, 553, 81, 26
402-3859|141, 1696, 341, 280, 2106, 2565, 1346, 1620|2565, 280, 2566, 68, 1620, 113, 490, 1627, 466, 1617
403-2425|659, 1789|84, 46, 511, 490, 1878, 1789
404-739|2568|2568, 2573, 2572, 2569, 31, 84, 227, 1928, 179, 641
405-981|50, 29, 85, 144, 361|144, 29, 2250, 14, 1476, 667, 1632, 68, 47, 226
406-3915|107|107, 2641
407-3915|2574|2574, 2641
408-4355|2533, 247, 2532|372, 61, 60, 384, 55, 47, 93, 15, 171, 49
409-855|853, 851, 665|252, 64, 73, 93, 254, 704, 45, 853, 665, 851
410-3539|2436, 2268, 1129|144, 29, 1776, 1129, 1915, 188, 2250, 2268, 2436, 501
411-190|1129|985, 1032, 2436, 1037, 1060, 1870, 1129, 2213, 1915, 134
412-1353|1915, 1776, 978, 14|14, 1476, 2213, 667, 625, 1094, 2515, 247, 2230, 2253
413-821|35|35, 2518, 102, 1346, 512, 1337, 1602, 1079, 1077, 6
414-3789|216, 768|189, 1147, 1347, 149, 769, 770, 154, 768, 550, 501
415-2368|117, 92, 1734|776, 297, 92, 2576, 102, 106, 342, 920, 325, 117
416-1033|2579|2579, 936, 956, 1263, 672, 937, 645, 305, 955, 952
417-59|1094|1094, 1278, 113, 795, 51, 50, 52, 1242, 796, 1556
418-1740|2435, 2580, 113|2580, 113, 2068, 2435, 1253, 2, 1129, 221, 189, 717
419-2096|154, 32, 1722, 47, 221|47, 45, 221, 1722, 85, 785, 1310, 78, 29, 137
420-1707|1016|1016, 129, 1817, 225, 68, 206, 512, 35, 1266, 6
421-1934|171|645, 171, 1129, 14, 1347, 768, 6, 2777
422-3578|228, 616, 467|2584, 68, 2585, 1615, 228, 2586, 411, 774, 2583, 1620
423-1615|1060|1060, 707, 6, 5, 14, 13, 1157, 1397, 618, 645
424-286|107|107, 93, 2590, 141, 2589, 254, 79, 45, 182, 60
425-3502|2591, 2106, 1096, 1079|1096, 2591, 1079, 2106, 1696, 596, 403, 122, 597, 1129
426-3319|810, 1405, 793|1273, 810, 354, 2468, 2592, 317, 266, 179, 1655, 1431
427-2049|2593|2593, 1453, 593, 1454, 2474, 1229, 1434, 2594, 63, 1448
428-3573|107|107, 389, 2590, 141, 93, 2313, 546, 26, 64, 473
429-1731|280|280, 98, 14, 1359, 24, 490, 1441, 1439, 466, 228
430-109|92, 6, 5|5, 14, 6, 49, 171, 1094, 1060, 2213, 311, 149
431-3796|1094|1094, 1601, 1003, 2596, 15, 641, 32, 482, 1554, 62
432-1365|2597|2597, 727, 247, 634, 35, 246, 1798, 796, 795, 47
433-3594|877, 1859|1859, 877, 470, 2213, 1633, 2221, 72, 194, 582, 570
434-827|2773, 846, 820|820, 819, 179, 781, 829, 1952, 811, 821
435-2085|1188|1188, 1094, 5, 47, 1702, 572, 542, 1090, 1708, 94
436-1335|246, 46, 293|47, 5, 246, 247, 45, 2, 49, 542, 1121, 1122
437-1832|228, 1610, 1394|228, 1610, 1394, 2605, 1046, 863, 2065, 629, 339, 2586
438-4040|154, 233, 892, 2755|154, 2755, 233, 892, 1399, 717, 1201, 26, 970, 461
439-242|191, 192, 40, 64|64, 40, 192, 191, 105, 929, 1908, 1032, 1136, 1471
440-225|1145|645, 1151, 957, 1145, 21, 14, 363, 22, 1090, 1698
441-3453|282, 620, 2621, 207, 807|207, 2607, 35, 213, 2618, 1383, 807, 1051, 107, 117
442-1013|2627, 1678|1678, 2627, 1677, 938, 101, 117, 305
443-4356|107, 895, 2632|372, 61, 60, 384, 55, 47, 93, 15, 171, 49
444-4354|1434, 2634|372, 61, 60, 384, 55, 47, 93, 15, 171, 49
445-3496|2100|2100, 2103, 2102, 2101
446-957|794, 239, 323, 241, 568|241, 794, 568, 13, 1271, 239, 281, 319, 914, 1754
447-2393|47|47, 50, 2636, 170, 692, 49, 2592, 716, 1769, 223
448-971|1094|903, 1591, 266, 14, 1507, 1505, 1491, 1485, 1508, 1045
449-2787|2, 1578|490, 659, 812, 225, 1356, 78, 660, 686, 32, 1923
450-764|243, 557|796, 795, 1244, 740, 557, 90, 94, 1531, 770, 488
451-2485|1448|1448, 177, 858, 2633, 179, 596, 1434
452-3827|2551, 627, 46, 47|115, 155, 59, 47, 46, 627, 2551, 49, 60, 5
453-3909|1589|1589, 2, 2197, 1453, 1445, 1036, 35, 2551, 595
454-3913|2638|221, 49, 48, 224, 1230, 5, 6, 239, 142, 3683
455-3860|82|641, 48, 79, 2639, 2640, 2281, 2568
456-122|107, 287, 348, 185, 186, 289|184, 107, 2, 186, 185, 289, 201, 287, 47, 349
457-3865|2642|2642, 2641, 655, 142, 1946, 26, 107, 2574
458-2566|85, 2122|2690, 298, 402, 401, 5, 608, 247, 512, 13, 241
459-3920|184, 107, 1420|107, 264, 1420, 184, 2643, 181, 2646, 2645, 2644
460-3481|250, 477, 49|47, 477, 246, 49, 542, 208, 352, 2485, 1583, 418
461-3877|556, 2582|2582, 556, 822, 1444, 107
462-2005|645|645, 2651, 26, 35, 206, 6, 39, 253, 222, 1201
463-1329|634, 15|45, 1117, 9, 350, 29, 986, 144, 21, 2156, 1053
464-1859|50, 51, 638, 1540|623, 644, 85, 348, 79, 63, 52, 1826, 501, 638
465-560|32, 823|670, 630, 629, 94, 113, 107, 1738, 582, 44, 54
466-546|582, 1829, 1087, 1667, 113, 1060|14, 1060, 49, 217, 1689, 60, 1157, 2, 1696, 1667
467-4356|107, 1651, 286|372, 61, 60, 384, 55, 47, 93, 15, 171, 49
468-539|1094|1094, 2343, 623, 61, 404, 2203, 703, 953, 214, 388
469-3926|556, 2536, 906, 171, 2192|144, 29
470-873|864, 242, 47|47, 49, 114, 242, 92, 35, 864, 189, 254, 542
471-550|247, 65, 254, 113|247, 206, 774, 1418, 800, 1951, 1622, 64, 254, 113
472-1392|1094|1094, 409, 732, 635
473-3873|6, 746|746, 23, 1212, 6, 1347, 961, 519, 1256, 1976, 2096
474-3479|49, 463, 47|47, 49, 50, 463, 2657, 2655, 14, 5, 1033, 46
475-109|6, 2658, 5|5, 6, 715, 752, 751, 750, 1665, 753, 311, 926
476-530|1408, 101, 2659, 47|2659, 47, 45, 59, 416, 1436, 868, 1234, 2660, 176
477-1944|1896|247, 926, 2661, 308, 503, 163, 13, 1173, 645, 2690
478-250|2590, 93|93, 995, 2590, 107, 68, 406, 72, 405, 79, 78
479-1601|48, 986, 1656, 84, 457|51, 634, 144, 770, 29, 526, 1332, 509, 1956, 1955
480-2460|60|1774, 1797, 469, 68, 60, 1240, 65, 178, 113, 580
481-3908|107|107, 2629, 39, 2628, 2463, 1097, 1902, 1142, 776, 2630
482-661|85|157, 112, 2663, 141, 402, 1079, 952, 1471, 1891, 245
483-4357|107, 2665, 280, 254, 40, 64, 93|372, 61, 60, 384, 55, 47, 93, 15, 171, 49
484-2455|1825, 1376|874, 1376, 68, 1824, 1827, 52, 1825, 60, 1826, 1823
485-1011|670, 630|1548, 670, 1923, 735, 254, 365, 48, 32, 630, 1667
486-1893|905, 311, 1552|2676, 659, 47, 117, 106, 2675, 1271, 92, 282, 905
487-2030|2575|2575, 498, 1606, 163, 14, 363, 1090, 1631, 1682, 1635
488-569|107, 942, 47|47, 49, 52, 107, 45, 50, 113, 353, 92, 1384
489-1215|917, 15, 47|47, 49, 15, 221, 32, 107, 917, 59, 14, 794
490-2551|13|13, 240, 2683, 1456, 1896, 926, 2661, 720, 247, 2684
491-3942|92, 26|64, 26, 791, 732, 395, 2520, 1648, 1645, 1427, 45
492-1245|815|815, 517, 1387, 746, 634, 94, 1105
493-350|1427|206, 84, 63, 2, 926, 2687, 130, 1427, 45, 354
494-1562|1300|1300, 895, 1301, 1297, 189, 354, 713, 266, 631, 776
495-3950|3690, 487|2698, 2152, 2692, 48, 79, 641, 29, 2639, 2640, 2785
496-1456|2313, 14, 47|47, 135, 14, 1646, 1641, 791, 153, 94, 247, 1645
497-368|1094|1094, 79, 113, 533, 1297, 2174, 2173, 644
498-1961|228, 1046, 94, 863, 498, 1566|228, 863, 1046, 1568, 181, 1094, 5, 47, 1567, 246
499-3968|2739|2726, 2716, 2727, 2498, 353, 2609, 2421, 2703, 1943, 2702
500-4038|181, 2741, 2743|2741, 2746, 181, 2745, 2740, 2743, 2748, 102, 117, 106
501-4028|117, 2741, 2748, 2746, 2742, 3641, 2749|2741, 2748, 2749, 2746, 117, 2752, 2745, 2742, 181, 2744
502-5|222, 2179|1074, 402, 332, 2753, 3660, 994, 22, 21, 20, 2754
503-361|45, 61, 63, 1427|254, 45, 124, 250, 562, 564, 308, 2562, 61, 142
504-557|599, 547, 47, 5|5, 47, 59, 49, 15, 45, 171, 138, 1100, 1436
505-234|153, 254, 1357|254, 45, 114, 164, 1421, 648, 26, 166, 65, 153
506-3858|154, 2567, 2756, 64|2756, 1010, 820, 103, 1732, 905, 829, 2564, 2567, 335
507-4044|184, 2757, 2759|2757, 2759, 184, 604, 2758, 1318, 319
508-4043|2758, 2757, 604|2757, 604, 2758, 2759, 184, 1318, 319
509-1732|65|2760, 313, 1442
510-1288|2650|1642, 1644, 1643, 791, 2650, 94, 2, 1526, 128, 29
511-378|79, 406|79, 995, 406, 405, 238, 2637, 78, 1492, 1502
512-4045|107, 511|147, 2761
513-262|106, 2, 29, 63, 144, 246, 408|408, 106, 2, 122, 49, 62, 4, 410, 246, 188
514-1796|1737, 102|325, 463, 313, 184, 1514, 1513, 15, 498, 703
515-1023|2762, 2763|5, 717, 3692, 85, 6, 461, 970, 14, 29, 3694
516-311|2130|280, 107, 204, 462, 45, 464, 40, 447, 138, 644
517-349|2764, 725|2764, 2765, 14, 247, 1009, 29, 710, 725, 926, 44
518-244|171, 239|732, 5, 655, 130, 735, 47, 92, 2832, 498, 163
519-1640|736, 93|93, 666, 736, 254, 42, 1818, 124, 1353
520-3500|403, 52|403, 1096, 454, 2591, 1696, 51, 50, 246, 794
521-3952|655|1541, 78, 655, 64, 354, 733, 340, 2692, 2281
522-814|2767|32, 2766, 2770, 2610, 2767, 1060, 252, 1142, 852, 354
523-2007|794, 2106|1094, 2316, 1623, 1622, 79, 51, 50, 2159, 2676, 35
524-1564|1306, 1296, 1307, 1297, 1294|107, 1294, 1297, 1307, 1296, 1306, 1293, 1292, 1289, 1305
525-4052|107, 6, 1294|107, 6, 1294, 1305, 970, 1293, 1304, 1303, 1302
526-3537|130, 6, 14, 5, 1157|5, 1157, 201, 6, 2141, 208, 187, 171, 498, 1606
527-140|203, 45, 194, 461, 26|266, 85, 50, 204, 26, 45, 203, 1687, 35, 353
528-4052|107, 1293|107, 1833, 1293, 1297, 1296, 1834, 1294, 815, 736, 1019
529-3466|184, 2771, 2074, 939|2771, 2074, 184, 2075, 939, 1094, 117, 181, 1173
530-242|32, 582, 14, 105, 149|105, 582, 14, 32, 44, 149, 1471, 113, 2119, 2118
531-14|49|49, 47, 46, 48, 246, 242, 45, 23, 372, 925
532-3568|2772, 831, 611, 819|2185, 2772
533-180|14, 113|5, 582, 715, 113, 14, 587, 44, 47, 6, 264
534-1668|645|85, 5, 6, 189, 354, 1473, 103, 1805, 242, 746
535-134|60, 1390, 655, 2829|354, 1390, 1600, 974, 1454, 649, 39, 242, 715, 29
536-4050|2362, 1025, 654, 2058|2770, 2769, 112, 2766, 1603, 2022, 103, 1732, 905, 1996
537-1502|973, 494|26, 64, 93, 1232, 49, 42, 254, 395, 973, 45
538-113|29, 1849, 178, 180, 179, 143, 47|1849, 47, 45, 126, 29, 374, 163, 144, 2, 50
539-109|6, 645, 14|5, 6, 1060, 925, 14, 926, 171, 311, 49, 477
540-2082|163, 1200, 392|1200, 206, 105, 5, 163, 397, 429, 644, 64, 35
541-167|2776|2776, 65, 1173, 766, 60, 531, 2, 354, 14, 5
542-4058|2200, 2777|2777, 2200, 717, 3655, 970, 267, 937, 3692, 239, 1368
543-2420|731|1786, 47, 1308, 40, 84, 731, 64, 191, 1667
544-2573|1180, 18, 48, 206|94, 1180, 84, 206, 1173, 135, 572, 220, 217, 48
545-1815|184, 1523, 29, 79, 213|79, 213, 1523, 184, 42, 1953, 18, 29, 1517, 1492
546-2632|258, 2, 1356, 29, 859, 340, 1814, 179, 1727, 611, 490, 1756, 686, 313, 660|490, 1356, 659, 812, 225, 660, 1273, 313, 142, 1923
547-2610|85, 1921, 2024, 2021|85, 32, 103, 1921, 834, 87, 302, 5, 1278, 47
548-767|2778, 2780, 2779|2778, 2779, 2780, 221, 14, 322, 614, 560, 171, 6
549-280|154, 40, 296, 425, 22|22, 582, 85, 363, 320, 2630, 2519, 478, 153, 247
550-235|206|206, 1798, 64, 1266, 381, 107, 2687, 50, 68, 1413
551-4300|2781, 2782|2782, 2781, 1424, 3614
552-2489|1854|5, 800, 884, 760, 278, 84, 1854, 799, 997, 189
553-4355|1854, 14|372, 61, 60, 384, 55, 47, 93, 15, 171, 49
554-458|6, 906, 1854, 259|756, 14, 2784, 1854, 485, 645, 13, 704, 1060, 906
555-3498|2100, 2103|2100, 2103, 2101, 2102
556-4357|107, 45, 2665, 41, 64, 26, 138|372, 61, 60, 384, 55, 47, 93, 15, 171, 49
557-1496|239, 246, 47|1334, 1544, 79, 794, 47, 423, 970, 1218, 246, 45
558-4115|1852, 2785, 1853, 2786, 2788, 2787, 1852, 2789|6, 2785, 378, 45, 1129, 385, 611, 441, 12, 1852
559-103|469, 1947, 1948|1948, 254, 469, 45, 1946, 1947, 49, 167, 64, 453
560-1434|462, 1182, 1339|939, 107, 1182, 462, 1099, 645, 206, 48, 79, 500
561-4118|281, 868, 2793|2794, 2793, 281, 2792, 2791, 117, 181, 2797, 2796, 1428
562-3859|696, 2117, 304|2801, 304, 2117, 242, 2802, 1627, 696, 1346, 2565, 2106
563-4320|2803, 2812, 2804, 2805, 2807|2805, 2804, 2803, 2818, 3673, 3672, 264, 2810, 117, 311
564-978|179, 266|833, 266, 903, 1620, 1009, 26, 654, 177, 198, 1041
565-1911|1557, 634|1099, 634, 1557, 2166, 117, 2163, 2530, 2170, 1558, 1564
566-3852|2561, 1200|1200, 2556, 2557, 2092, 2350, 2558, 2561
567-1214|219, 68, 2058|219, 1029, 715, 605, 64, 50, 2058, 1085, 1328, 1947
568-541|535, 32, 14|1707, 86, 1698, 14, 32, 497, 1079, 1096, 2106, 2591
569-3876|2819, 1763, 2257|512, 638, 49, 1096, 1524, 94, 35, 1796, 2821, 2782
570-4142|1094|1094, 107
571-1052|1403, 487, 994, 3652|994, 91, 90, 59, 1129, 1525, 92, 1667, 220, 39
572-900|961|1094, 645, 961, 6, 889, 896
573-2728|1094|1094, 1923
574-622|677, 2549, 514|6, 889, 1430, 154, 677, 676, 5, 274, 4, 913
575-4149|1094|1094, 107
576-4299|8, 2018, 237|8, 225, 15, 3613, 107
577-1016|271, 225, 812, 85, 247, 273, 6, 40, 266, 5, 717|717, 5, 14, 6, 812, 225, 941, 40, 926, 349
578-2082|582, 2822, 2823, 1074|2823, 2822, 582, 1074, 5, 397, 206, 1901, 721, 1960
579-1187|1094|1094, 242, 52, 881, 1556, 26, 45, 644, 189, 717
580-3910|1094|1094, 1434
581-2825|490|490, 1923, 23, 29
582-4354|1448, 2634|372, 61, 60, 384, 55, 47, 93, 15, 171, 49
583-1318|60, 224, 1130, 213, 2825, 357|213, 1130, 357, 2825, 224, 60, 3649, 655, 478, 215
584-3472|462, 436, 213, 345|2827, 2826, 357, 213, 313, 215, 2824, 61, 417, 436
585-3920|184, 2649, 1059|1059, 2649, 184, 107, 181, 2646, 264, 2645, 2644
586-104|1240|47, 49, 117, 45, 143, 50, 408, 1066, 794, 59
587-3472|417|107, 417, 436, 1265
588-1811|519, 634, 64|1389, 892, 1387, 1347, 342, 1388, 498, 703, 519, 20
589-149|1030|1030, 49, 372, 52, 47, 65, 794, 45
590-2525|498, 2519|2519, 498, 189, 188, 63, 607, 217, 1862, 582, 457
591-1035|85, 45, 958, 808|68, 323, 649, 1607, 15, 1259, 377, 141, 2676, 546
592-763|2831, 735, 554, 553|735, 553, 2831, 2830, 48, 934, 988, 511, 659, 1548
593-149|794, 2094, 47|47, 2094, 794, 79, 65, 45, 732, 2832, 49, 372
594-3910|663|545, 1920, 1434, 2801, 21, 85, 254, 836, 835, 737
595-1788|1094|1094, 42, 60, 20, 65, 1114, 2199, 2835, 1507, 1505
596-3770|2609|2152, 2698, 2498, 2718, 2609, 2281, 2213
597-2033|715, 282, 253, 2607, 2116, 376|35, 102, 47, 1039, 1637, 32, 1639, 388, 376, 382
598-1578|45, 114, 47, 49|49, 47, 52, 794, 2681, 184, 2078, 441, 372, 247
599-242|489, 262|163, 1094, 738, 489, 262, 105, 2684, 1808, 929, 1908
600-1140|378, 1808, 43|582, 554, 378, 94, 32, 44, 632, 30, 1040, 666
601-3930|1094|1094, 746, 23, 1212, 6, 1389, 2114
602-2597|128|128, 1923, 641, 367, 538, 898, 361, 1916, 2836, 1758
603-388|484|484, 717, 735, 482, 43, 189, 40, 485, 32, 500
604-681|94, 335, 841, 1201|6, 113, 1100, 94, 713, 889, 701, 335, 1094, 2654
605-4200|1358, 3028, 3029, 1943, 2002, 3030, 3031, 3032, 2857, 3033, 3034, 3035, 3036|1943, 2857, 3036, 3035, 3034, 3033, 3032, 3031, 3030, 2002
606-4282|1448, 595, 3059, 1943, 1599, 3022, 2982, 3606, 2634, 1598, 3038, 3024|1943, 3022, 1448, 1599, 2634, 3024, 2982, 3038, 3059, 1598
607-2131|3562, 354|342, 446, 905, 354, 3562
608-4268|2979, 3019, 1943, 3536, 3537, 3538|1943, 2979, 3019, 3538, 3537, 3536, 2903, 2980, 3020, 3599
609-4206|1448, 3059, 1943, 1599, 3022, 3025, 2634, 3024, 3060|1943, 3022, 1448, 1599, 2634, 3024, 3059, 3025, 2982, 3038
610-571|789|129, 67, 142, 1657, 1360, 78, 3607, 841, 1259, 1219
611-3830|365, 149|365, 149, 15, 411, 2775, 3610, 364, 72, 548, 154
612-527|163, 395, 5|163, 49, 395, 105, 5, 1808, 1200, 392, 92, 668
613-124|29, 154, 144, 84|144, 29, 1129, 188, 189, 1183, 1297, 2, 1813, 1808
614-3883|3611, 376|3611, 3612, 1687, 1672, 1569, 1391, 280
615-1337|246|47, 246, 29, 1450, 403, 6, 373, 308, 800, 542
616-4299|107, 3613|3613, 107
617-4081|3616, 207|3614, 3615, 1424, 2997, 206, 2782, 2781
618-750|1094|1094, 2777, 65, 738, 311, 2601, 1330, 208, 926, 149
619-9|36|24, 746, 6, 36, 4, 964, 963, 26, 35, 34
620-4156|213, 2790|213, 2790, 2827, 2826, 2824, 357, 313, 215, 2665
621-2750|1937, 360, 813|750, 1959, 340, 556, 2772, 1900, 2148, 1937, 15, 1923
622-1758|683, 32, 880, 848|254, 1130, 93, 1329, 880, 253, 117, 45, 35, 1838
623-398|644, 1667|2700, 1094, 484, 357, 213, 1297, 117, 644, 482, 30
624-4081|3615|3614, 3615, 2782, 2781
625-1023|3633, 1001, 3634, 3617, 3618, 3619|3621, 3629, 21, 3640, 3639, 39, 247, 968, 731, 15
626-1000|79|79, 664, 929, 599, 1900, 895, 1553, 1443
627-793|432, 588, 589|163, 759, 755, 1929, 754, 544, 432, 927, 588, 774
628-4303|462, 2746|2746, 2741, 2748, 2745, 2749, 117, 181, 102, 106, 2740
629-697|1667|3612, 543, 759, 72, 30, 32, 163, 576
630-823|50, 47, 49|47, 49, 50, 246, 48, 485, 35, 463, 645, 374
631-1943|3645|1591, 903, 905, 707, 3644, 1060, 1088, 1087, 3645
632-1353|14|14, 50, 247, 64, 2213, 1476, 667, 254, 1094, 144
633-623|313, 189|189, 659, 78, 123, 313, 812, 225, 1931, 1167, 1165
634-4310|1094|1094
635-3815|254|254, 170, 67, 124, 1946, 65, 153, 78, 1354, 42
636-812|1095|1372, 1095, 207, 2610, 2614, 2608, 1104, 282, 797, 141
637-3931|154, 528|528, 3646, 14, 5, 911, 713, 914, 2658, 46, 48
638-307|59, 92, 145|40, 448, 446, 454, 1130, 3647, 224, 107, 455, 280
639-347|3648, 1714, 1100, 278, 2463|1100, 3648, 1060, 147, 278, 480, 1714, 266, 510, 85
640-1505|59, 794, 114|213, 3649, 2825, 1130, 224, 655, 478, 458, 462, 3647
641-3360|224, 1132, 1130, 213, 357, 221|1130, 213, 224, 357, 478, 2825, 3649, 426, 655, 30
642-620|45, 159, 160, 47, 49|47, 45, 156, 49, 14, 254, 160, 159, 2518, 1899
643-3360|224, 1130, 689, 213, 2825, 426|1130, 213, 224, 2825, 426, 265, 689, 357, 60, 3649
644-189|1181, 3653|2501, 29, 1199, 3653, 2213, 1129, 2151, 136, 134, 1032
645-330|79, 163, 1384, 1688, 1238|79, 47, 49, 2, 475, 1083, 14, 205, 374, 1812
646-2492|239, 378, 15|2063, 1543, 15, 32, 378, 94, 1290, 582, 731
647-2506|1040, 745, 156, 1808|48, 82, 989, 552, 3654, 934, 68, 40, 1889, 462
648-1944|1094|1094, 1173, 2690, 645, 13, 1854, 14, 3646, 154, 278
649-2576|6, 13, 926, 676, 1684|1174, 2783, 1094, 290, 201, 1173, 154, 676, 13, 1907
650-1408|144, 1445, 2257|1140, 512, 1139, 635, 1129, 2238, 6, 2213, 46, 29
651-777|889, 914, 6, 755|6, 189, 746, 36, 286, 1895, 34, 5, 14, 1094
652-3908|224, 440, 85, 3656, 308, 528|3656, 440, 224, 632, 1043, 666, 549, 452, 1663, 141
653-770|3657, 1148|582, 1148, 498, 262, 188, 721, 1060, 14, 29, 1815
654-1023|2773, 1431, 540|5, 85, 717, 3692, 6, 461, 970, 14, 29, 39
655-973|517|517, 921, 353, 47, 246, 783, 702, 833, 18, 1378
656-837|298, 207, 237|207, 838, 806, 237, 65, 837, 298
657-1370|2097|2097, 2096, 2, 1918, 1150, 1916, 1149, 717, 313, 254
658-335|22|22, 3659, 3660, 3662, 2808, 332, 984, 3661, 342, 2276
659-22|2, 3, 638, 6, 77, 259|62, 2, 6, 357, 285, 303, 188, 553, 30, 32
660-115|3674|59, 163, 5, 47, 395, 49, 1275, 2773, 1701, 181
661-3886|1094|1094
662-342|154, 270, 108, 40, 425|494, 425, 108, 40, 708, 3652, 487, 1403, 94, 113
663-3802|560, 64, 26, 167, 1946|26, 64, 261, 210, 3675, 2824, 357, 213, 2826, 462
664-4328|107|107
665-4327|107|107
666-4328|1240|107
667-3807|2540, 41, 254, 2228, 138|138, 41, 45, 89, 254, 42, 93, 464, 452, 555
668-4351|462, 213, 89, 357|357, 213, 462, 2826, 2824, 89, 367, 2665, 3676
669-4357|107, 2665, 41, 64, 26|372, 61, 60, 384, 55, 47, 93, 15, 171, 49
670-434|239|573, 1129, 1912, 78, 998, 188, 1808, 1136, 2213, 1673
671-398|3677|3677, 484, 357, 213, 1297, 117, 644, 482, 30, 79
672-4351|462, 2824, 213, 89, 357|357, 213, 462, 2824, 89, 367, 2665, 3675, 3676, 2826
673-4339|45, 6, 570, 3681, 31, 3679, 3683|396, 3678, 422, 1288, 419, 3683, 3679, 3681, 570, 107
674-1853|1094|1094, 582, 638, 6, 163, 1129, 1912, 188, 432, 29
675-4315|3670, 3294|3670, 3294
676-4339|107, 45, 462, 6, 570, 3681, 31, 3679, 3683|107, 3679, 3681, 142, 1179, 239, 3683, 570, 2131, 3680
677-3319|1123, 1059, 820|820, 1059, 1123, 189, 582, 319, 2150
678-1057|32, 641, 30, 1128|641, 32, 42, 254, 2284, 365, 378, 189, 167, 30
679-1797|1094|1094, 189, 582, 319, 1514, 1513, 1521, 1389, 2114
680-1601|1094|1094, 1332, 509, 48, 1656, 986, 1787, 1037, 1956, 1955
681-2333|142, 342, 848, 15|342, 920, 142, 64, 24, 532
682-4303|107|3643, 3642, 337, 107, 2804, 2746, 462
683-253|29, 277|5, 6, 85, 278, 103, 461, 49, 46, 460, 462
684-4097|29, 2553, 620, 207, 2361|1094, 2782, 2781, 2361, 207, 620, 2553, 29
685-3835|1763, 207, 2612|207, 35, 620, 2361, 2553, 29, 282, 806, 3682
686-3937|107, 1807|2774, 1807, 2665, 107, 204, 64, 342, 156, 280
687-793|2114, 1389|1389, 2114, 927, 589, 588, 1443, 432, 755, 759, 1929
688-4358|107, 3684|372, 61, 60, 384, 55, 47, 93, 15, 171, 49
689-4356|107, 2631, 2632|372, 61, 60, 384, 55, 47, 93, 15, 171, 49
690-4330|107, 224, 6, 1158, 3685, 1580|107, 224, 3685, 1617, 221, 49, 48, 1230, 138, 970
691-4347|107|174, 3687, 3688, 2148, 3689, 64, 699, 3686, 173
692-4348|341, 85, 1664, 279|85, 174, 3687, 3688, 2148, 279, 1664, 173, 341, 834
693-9|36|463, 354, 24, 963, 26, 36, 659, 27, 512, 4
694-1872|474|79, 735, 1548, 670, 795, 63, 2830, 2831, 1094
695-292|10, 12, 430, 26|390, 254, 26, 64, 430, 12, 2538, 10, 93, 431
696-4047|193, 1130, 221|1130, 191, 2054, 3647, 26, 193, 45, 5, 206, 3691
697-1944|1094|1094, 1173, 2690, 645, 13, 240, 1854, 14, 3646, 154
698-4334|107|107, 221, 49, 48, 224, 1230, 3678, 396
699-4148|107|107, 1094
700-4134|29, 338, 1211, 1192, 1193|338, 1193, 29, 1192, 1211, 3662, 2808, 3673, 3672, 3665
701-3878|247, 1129|247, 1129, 1060, 1862, 904, 14, 5, 188, 385
702-242|3693, 239, 3692, 461, 14, 1534, 717, 189|3692, 189, 717, 461, 239, 105, 85, 5, 14, 267
703-4358|107, 18, 6, 5, 1238|372, 61, 60, 384, 55, 47, 93, 15, 171, 49
704-4358|107, 794, 18, 42, 5, 1238|372, 61, 60, 384, 55, 47, 93, 15, 171, 49
705-4298|107|107, 3613
706-3810|2539, 188|113, 52, 2539, 794, 1037, 713, 3610, 638, 17, 3609
707-4329|2665, 2826, 213, 357|213, 357, 2665, 2826, 462, 2824, 2827, 3675, 89, 367
708-4337|107, 101|107, 239, 142, 3680, 3678, 396
