0-3909|2, 3, 353, 335, 396|2, 1589, 1434, 47, 49, 126, 45, 596, 52, 6
1-570|45, 462, 280, 466, 634, 467, 40|107, 40, 45, 462, 466, 280, 467, 22, 154, 226
2-174|73, 1254, 472|254, 73, 62, 469, 149, 188, 171, 470, 1353, 471
3-5|459, 462, 460, 0, 22|22, 473, 332, 21, 20, 336, 3660, 460, 462, 459
4-314|107, 462, 468, 40|40, 280, 462, 468, 107, 45, 49, 542, 94, 79
5-1662|1886, 13|13, 645, 1060, 171, 1886, 49, 47, 1397, 618, 62
6-124|409|14, 144, 1129, 188, 29, 2213, 189, 247, 582, 2777
7-1889|695, 696, 52, 697|52, 1540, 713, 696, 697, 695, 1790, 794, 1265, 2680
8-430|698|49, 698, 106, 111, 68, 141, 107, 283, 357, 1631
9-1016|247, 482, 704|926, 645, 40, 349, 941, 79, 554, 700, 163, 553
10-364|85, 102, 5, 6, 14, 760, 322, 761, 528, 771, 772, 529, 762|14, 5, 6, 85, 322, 529, 32, 528, 30, 735
11-7|8, 87, 25|8, 773, 373, 25, 129, 87, 26, 27, 685, 24
12-1238|775, 463|463, 776, 775, 713, 26, 1111, 1112, 1514, 815, 1485
13-1438|14, 529|130, 582, 14, 32, 767, 1183, 188, 1094, 1203, 475
14-1262|616, 339, 354, 484, 820, 464|354, 616, 3692, 2756, 189, 116, 221, 618, 1105, 32
15-1149|446, 47|47, 446, 45, 1049, 1040, 49, 342, 35, 50, 14
16-1490|1210|1210, 517, 634, 239, 1205, 503, 1514, 342, 14, 903
17-69|784, 45, 785, 225, 254, 29, 778, 786, 787, 83, 788, 170, 372, 789, 791, 717, 128|49, 45, 372, 254, 925, 778, 128, 47, 717, 170
18-808|793, 128|128, 793, 130, 46, 870, 582, 368, 189, 1004, 103
19-1936|18, 79|79, 2, 347, 144, 29, 362, 582, 189, 319, 188
20-4116|1173, 189|1094, 1100, 500, 1015, 94, 6, 735, 926, 79, 14
21-3508|957|1015, 402, 156, 35, 933, 937, 305, 935, 936, 952
22-109|6|141, 797, 248, 958, 5, 6, 401, 207, 1060, 645
23-271|254, 42|791, 733, 32, 15, 85, 254, 377, 26, 153, 42
24-233|59, 369, 246, 370, 371, 376, 79, 372, 47, 373, 374, 375, 49|47, 49, 85, 372, 45, 126, 402, 282, 103, 5
25-3785|2094|618, 946, 735, 659, 2468, 567, 27, 222, 88, 1923
26-2493|963, 736|731, 582, 1808, 378, 547, 94, 84, 189, 188, 553
27-1057|1003, 641, 484, 655|189, 32, 82, 641, 30, 482, 167, 258, 1005, 636
28-726|730, 1031|49, 5, 1243, 730, 163, 1037, 47, 1245, 130, 39
29-3911|107, 595, 2551|595, 47, 2551, 35, 1036, 206, 1032, 1453, 596, 1445
30-870|869, 85, 596, 1035, 68|869, 596, 68, 85, 49, 1035, 37, 371, 35, 47
31-484|1040, 611, 602|14, 968, 1040, 44, 602, 1042, 5, 6, 30, 32
32-1209|141, 247|247, 1044, 14, 127, 1085, 246, 45, 6, 254, 1087
33-857|793, 857|857, 903, 47, 1046, 1045, 49, 68, 14, 856, 855
34-1904|242, 863, 23|863, 47, 242, 1715, 713, 1716, 23, 1049, 645, 206
35-1232|367, 308|402, 952, 1079, 728, 128, 1051, 112, 282, 1052, 807
36-217|355, 122, 246, 35, 356, 357|246, 93, 1040, 213, 1054, 252, 1055, 1056, 298, 357
37-2082|721, 206, 397, 5|583, 206, 5, 397, 124, 163, 553, 48, 41, 62
38-1542|305, 522|305, 1068, 875, 952, 106, 1067, 445, 1065, 1064, 936
39-1187|863, 91|91, 68, 45, 90, 242, 26, 469, 1556, 254, 881
40-722|1085, 1101, 707|707, 14, 1085, 5, 913, 208, 1891, 245, 49, 6
41-656|282, 353|698, 282, 353, 1103, 1104, 111, 283, 357, 207, 276
42-2087|107, 1121, 542, 47, 5, 49|49, 542, 47, 113, 5, 1044, 64, 800, 94, 1117
43-2472|715, 1835, 806, 1837|893, 252, 35, 1836, 207, 1597, 418, 620, 1835, 1837
44-1985|654|6, 3692, 5, 717, 970, 652, 653, 35, 752, 751
45-1770|247, 1060, 939|206, 1060, 926, 14, 5, 208, 1901, 130, 704, 84
46-801|582, 1183|1183, 582, 1309, 1145, 319, 189, 965, 1292, 551, 245
47-212|343, 348, 85, 154, 2567, 1185, 147, 970, 64, 422, 296, 1190, 22|22, 343, 970, 344, 341, 147, 342, 1185, 1341, 297
48-233|47, 353|47, 49, 92, 242, 353, 114, 374, 67, 23, 78
49-1422|172, 672, 4, 5|672, 183, 4, 5, 172, 1060, 608, 645, 1297, 937
50-526|247, 621|14, 247, 189, 47, 359, 106, 1195, 621, 5, 578
51-602|1197|1197, 717, 47, 423, 1218, 49, 1217, 50, 360, 253
52-4083|2553, 467|2782, 2781, 3615, 3614, 207, 715, 1041, 19, 830, 654
53-14|114, 1200, 609, 49|49, 1200, 246, 247, 408, 665, 47, 48, 46, 45
54-83|567|488, 567, 858, 126, 49, 45, 47, 35, 50, 688
55-1289|141, 45, 733, 242, 167|242, 68, 905, 614, 103, 800, 1046, 446, 6, 1201
56-653|14, 22|22, 84, 40, 170, 227, 698, 111, 582, 21, 64
57-1477|1202|1202, 1923, 965, 1356, 1932, 2172, 1933, 2174, 2173, 2179
58-1189|1077, 282, 342, 45, 32|35, 1077, 207, 282, 179, 1383, 45, 342, 820, 819
59-109|645|645, 5, 130, 1203, 6, 1060, 14, 1208, 926, 60
60-2661|179|1923, 340, 2695, 254, 45, 2699, 965, 2710, 1193, 2694
61-1222|707, 217, 1893, 1102, 110|14, 1102, 5, 707, 898, 425, 645, 1212, 1213, 517
62-2076|117, 107, 83, 79, 47, 68, 49|59, 45, 163, 17, 246, 79, 47, 423, 1218, 49
63-3503|1053|826, 1053, 605, 302, 354, 258, 508, 339, 32, 64
64-1866|898, 706, 1543, 717|796, 795, 592, 2836, 1758, 898, 482, 1543, 906, 705
65-1542|1068, 305, 936|305, 1068, 875, 936, 1250, 1251, 723, 206, 1252, 952
66-361|61, 1689|47, 61, 63, 6, 45, 1427, 114, 72, 49, 524
67-456|79, 84, 278|21, 84, 79, 1698, 22, 1682, 1478, 1634, 1704, 1518
68-632|106, 305, 936|305, 106, 936, 952, 1260, 684, 685, 163, 1068, 1067
69-407|50, 51, 487, 1074, 5|189, 1258, 52, 487, 50, 5, 580, 1259, 51, 794
70-3875|239, 249, 14, 1678|2579, 305, 952, 106, 1068, 1067, 1065, 1064, 445, 111
71-607|62, 1266, 560, 1268, 311|560, 2, 512, 1266, 1265, 14, 1268, 311, 6, 767
72-1370|271, 1274, 225, 963, 812, 500, 273, 1150, 1181|1150, 717, 1410, 1916, 906, 1149, 1404, 1274, 812, 225
73-1966|1285, 1281, 1284, 1280, 1283, 396|1283, 1280, 396, 1281, 1282, 1284, 2107, 153, 2108, 117
74-4039|1286|1286, 2749, 2741, 1110, 184, 117, 2748, 2745, 2746, 181
75-2467|1368, 1588, 1292, 1294|1833, 1294, 1675, 1307, 1457, 1588, 1368, 1289, 1292, 582
76-918|687|371, 517, 266, 342, 1485, 354, 6, 208, 65, 49
77-3340|426, 388, 1332, 553|426, 1956, 553, 32, 1038, 1094, 2, 47, 49, 1313
78-984|1207, 768, 85, 198|768, 198, 5, 891, 1118, 637, 352, 1207, 538, 683
79-381|117, 79, 213, 357, 457|79, 84, 1297, 357, 213, 117, 40, 1492, 1807, 1809
80-1028|41, 39, 5, 6|39, 933, 206, 242, 5, 24, 65, 963, 41, 26
81-1527|141, 45, 254, 1426|68, 93, 1255, 219, 11, 141, 121, 385, 103, 85
82-110|50, 51, 52, 175|52, 49, 122, 323, 175, 65, 126, 671, 751, 396
83-1105|1339, 1337, 1023, 13|1337, 13, 1023, 1339, 5, 6, 383, 1604, 14, 241
84-1475|1341, 188, 22|22, 1341, 84, 40, 582, 2630, 13, 14, 188, 73
85-2443|1811, 582, 703, 655, 1534|1811, 655, 412, 1807, 1809, 414, 651, 582, 171, 645
86-268|49|1147, 768, 49, 5, 1347, 22, 47, 1037, 769, 63
87-1641|254, 604, 556, 1219, 26, 42, 1259, 124|1259, 26, 1353, 254, 170, 239, 1355, 1427, 319, 377
88-323|65, 84, 40|79, 65, 40, 84, 41, 14, 1148, 479, 478, 721
89-2531|498|98, 1350, 939, 262, 113, 14, 130, 1090, 105, 704
90-3948|239, 324, 855|1094, 1353, 254, 170, 45, 379, 106, 76, 377, 311
91-427|106, 1077, 1060, 1201|47, 49, 45, 5, 968, 247, 130, 1060, 6, 645
92-3302|1240|965, 1094, 1387, 342, 517, 1389, 1347, 1388, 1923, 892
93-1744|354|29, 833, 3692, 6, 189, 1390, 449, 354, 335, 917
94-3884|117, 2, 1392, 6, 1393, 1212, 756, 5, 660, 746|280, 3611, 1391, 348, 1393, 1392, 14, 5, 746, 223
95-1145|6, 1099, 5, 418|645, 47, 49, 35, 715, 1048, 1715, 5, 1798, 2671
96-3948|401, 298, 239, 103, 85, 962, 2977|1094, 298, 401, 103, 85, 1199, 1396, 579, 1395, 1394
97-388|30, 32|717, 271, 1274, 273, 32, 824, 189, 735, 482, 500
98-780|247, 1397, 645, 14|645, 1397, 618, 14, 3692, 13, 189, 267, 461, 3694
99-1953|1398|354, 116, 1398, 3692, 6, 189, 207, 616, 418, 221
100-1424|1401, 323, 5, 6|1401, 14, 323, 311, 6, 5, 1060, 264, 118, 263
101-2402|181|1345, 1099, 113, 512, 1323, 50, 106, 124, 117, 583
102-2027|1416, 60, 774, 206, 1419, 1413|206, 774, 256, 64, 39, 654, 1266, 1411, 47, 1017
103-2015|342, 38|1606, 1608, 253, 35, 64, 45, 1039, 388, 254, 26
104-804|748, 1437, 339|1187, 1437, 1435, 339, 603, 1433, 1470, 1469, 1468, 32
105-3882|1440, 107|98, 14, 1439, 3692, 1438, 717, 280, 970, 461, 286
106-460|432, 588, 589|1442, 1443, 432, 588, 589, 1444, 189, 319, 582, 2213
107-2486|1448, 1762|1435, 1453, 1434, 1845, 1844, 47, 49, 858, 126, 1448
108-1282|565|565, 1556, 641, 794, 811, 903, 266, 631, 1108, 902
109-1210|1080, 107, 952, 1462, 1091, 14, 1460, 1466, 1092, 1067|1081, 1092, 1079, 1091, 952, 1466, 282, 107, 2689, 402
110-804|1469|704, 1435, 1470, 1469, 1468, 206, 582, 1433, 1467, 1158
111-1360|1580, 1144|13, 1471, 1144, 6, 5, 1136, 1473, 189, 14, 230
112-1541|137, 2, 935, 1475, 6, 305, 111, 98, 936|305, 111, 935, 1475, 98, 936, 137, 6, 1962, 2
113-3331|231, 14, 898|1094, 14, 1477, 1476, 250, 231, 46, 898, 48, 49
114-816|340, 810, 32|340, 112, 517, 353, 128, 781, 921, 169, 32, 628
115-934|1510|527, 1492, 898, 1389, 2114, 906, 965, 1478, 1536, 1489
116-971|903|863, 903, 98, 820, 1045, 1105, 219, 290, 228, 1046
117-1597|114, 188, 47, 49|49, 47, 79, 1331, 475, 246, 163, 542, 63, 409
118-845|845|845, 47, 810, 5, 50, 904, 49, 14, 68, 236
119-407|1797, 52, 557, 5|580, 1129, 1074, 470, 1525, 424, 52, 1524, 47, 49
120-1583|1526, 133|47, 2519, 498, 2, 1313, 116, 1312, 1526, 1027, 1351
121-1571|64, 6|6, 1781, 64, 1099, 371, 893, 921, 517, 49, 353
122-205|21, 64, 155|64, 22, 1529, 904, 345, 621, 659, 893, 21, 20
123-850|50, 142, 14|50, 14, 156, 242, 65, 142, 29, 846, 849, 147
124-639|59, 499, 49|49, 499, 47, 50, 14, 1489, 1077, 6, 1503, 1775
125-1873|1900, 63, 32, 26|63, 32, 1094, 79, 1531, 179, 553, 714, 700, 270
126-719|241, 13, 1060|1060, 13, 14, 241, 16, 707, 1032, 247, 593, 645
127-4161|1037, 1267, 1032|2832, 3674, 582, 1238, 1540, 732, 47, 794, 795, 1550
128-256|725|1094, 22, 336, 14, 1551, 49, 517, 721, 1236, 735
129-615|673|673, 1300, 342, 1553, 659, 920, 905, 1338, 618, 1552
130-948|903, 266|903, 342, 917, 266, 15, 897, 634, 367, 354, 180
131-385|94, 419|94, 79, 543, 544, 482, 163, 1577, 542, 32, 50
132-3564|107, 1557, 1564, 1099, 498, 1566|498, 1557, 1099, 47, 94, 1566, 1564, 2161, 634, 2170
133-1914|835, 2801|835, 2617, 620, 910, 344, 1199, 207, 2608, 737, 836
134-1255|1547, 1347|1389, 2114, 1109, 863, 961, 228, 1569, 354, 1347, 1307
135-938|915|915, 634, 737, 565, 2189, 299, 1045, 1293, 712, 903
136-1421|1582, 645, 939|939, 6, 5, 14, 50, 645, 47, 3692, 51, 2771
137-1188|93|93, 254, 881, 64, 388, 246, 49, 45, 794, 1157
138-396|29, 337, 313|618, 1434, 932, 638, 1590, 409, 1589, 144, 29, 595
139-4302|3642, 1352, 3643|3643, 3642, 107, 337, 224, 13, 905, 903, 1591, 1110
140-448|49, 1050, 1382, 79, 388|49, 79, 47, 59, 114, 247, 1382, 388, 180, 38
141-1193|1595|141, 167, 14, 369, 1597, 728, 402, 1595, 198, 1596
142-4054|282, 620, 2621, 2607, 1942, 1157|620, 2663, 2840, 354, 654, 39, 1597, 242, 1394, 206
143-4352|8, 685|1259, 1354, 615, 666, 8, 254, 390, 377, 124, 1353
144-1147|774, 206|863, 228, 206, 39, 50, 1266, 1049, 181, 774, 223
145-1023|72, 1406, 98, 221|40, 98, 41, 183, 553, 554, 3620, 172, 583, 21
146-1546|1283|1283, 1280, 1281, 396, 2107, 1282, 2108, 117, 1284, 1053
147-1517|208|208, 1389, 2114, 796, 52, 1697, 1694, 795, 254, 671
148-1704|112, 14|14, 645, 673, 113, 514, 676, 1060, 1100, 2653, 870
149-1777|29, 85|1094, 1471, 1079, 1386, 98, 1385, 302, 1603, 891, 219
150-804|45|1435, 833, 1370, 32, 806, 68, 1026, 920, 402, 1079
151-3508|1613, 1604, 85, 649, 402, 35, 103|1015, 45, 35, 402, 156, 252, 1605, 1337, 13, 1604
152-2028|1606, 466, 1610, 1608, 1029|1608, 1606, 1610, 1425, 466, 1029, 1630, 253, 228, 1613
153-435|2151, 47, 68|206, 654, 1629, 1077, 64, 47, 45, 49, 253, 94
154-3457|107, 1606, 253, 1608, 1425|103, 85, 45, 1606, 1608, 298, 1425, 800, 342, 253
155-525|107, 1631, 1090, 47, 49|1631, 49, 47, 1090, 542, 1698, 497, 620, 14, 1632
156-1344|1649, 135, 47|47, 135, 2688, 876, 1125, 1640, 1645, 791, 1637, 1641
157-66|123, 311, 20, 366, 278, 21, 64, 127, 124, 22|22, 21, 64, 20, 127, 123, 0, 2809, 311, 396
158-2044|6|6, 1647, 977, 14, 963, 404, 47, 361, 49, 60
159-2094|193, 1717, 177|1762, 858, 1763, 177, 85, 228, 1453, 1764, 50, 577
160-1607|188, 189|5, 48, 206, 986, 31, 144, 188, 29, 135, 79
161-1285|335|254, 1425, 124, 748, 45, 1354, 546, 1117, 1259, 26
162-222|85, 726, 14, 361|717, 1137, 645, 85, 361, 704, 1161, 254, 14, 45
163-1921|341, 154, 1665, 40, 344|1665, 835, 2, 644, 50, 195, 1664, 1663, 308, 6
164-1384|485, 206, 1666, 105, 1236|1666, 1183, 206, 582, 570, 1236, 571, 1145, 732, 1060
165-3566|128|764, 1667, 706, 1671, 567, 3692, 1670, 189, 717, 1669
166-829|803|112, 803, 354, 806, 782, 802, 353, 517, 153, 779
167-3875|239, 249, 14, 1678, 936|2579, 409, 644, 1678, 645, 1677, 1145, 305, 130, 111
168-156|171, 94, 41, 206, 1706|206, 397, 5, 1698, 542, 49, 48, 79, 572, 3691
169-1216|1714, 1081, 1713, 1466|1092, 1081, 1096, 1711, 1466, 1080, 47, 1461, 282, 952
170-1097|715, 852, 39, 206, 645, 1715, 1252, 5|1715, 206, 39, 5, 1067, 645, 863, 715, 305, 952
171-868|400, 1621, 47|47, 371, 50, 1720, 1719, 2, 45, 6, 1717, 49
172-168|6, 5|5, 6, 14, 898, 645, 707, 231, 618, 13, 189
173-471|546|546, 126, 45, 49, 47, 371, 542, 511, 102, 831
174-2369|142, 342|342, 142, 631, 1111, 1455, 776, 266, 815, 24, 1275
175-2378|1755, 1751, 1347|1751, 1347, 1761, 2682, 768, 1752, 1750, 1755, 1754, 2200
176-2343|239, 659|659, 239, 342, 1111, 631, 142, 776, 266, 815, 24
177-2182|1111, 1757|1111, 342, 631, 142, 1455, 776, 266, 815, 24, 1275
178-2362|1755, 1761|1347, 1751, 14, 768, 2682, 1761, 593, 251, 507, 926
179-3319|810, 582|582, 189, 319, 2150, 806, 805, 832, 239, 32, 469
180-3819|1590, 976|968, 2545, 2544, 1764, 1453, 63, 1445, 1762, 1766, 1765
181-890|50, 228, 713, 879, 887, 1426|228, 879, 50, 1300, 887, 895, 342, 673, 242, 905
182-2412|354, 1099, 237|237, 1099, 49, 2224, 354, 1769, 1129, 1077, 47, 1777
183-895|659, 1787|342, 702, 325, 582, 498, 1786, 1785, 732, 1787, 1037
184-4352|1790|52, 1790, 713, 1265, 113, 1540, 1797, 8, 773, 373
185-2394|107, 595, 869, 1791, 2296, 455, 843, 1036, 47|35, 595, 596, 1036, 49, 107, 1773, 843, 130, 687
186-1891|246|1434, 246, 47, 1590, 1394, 35, 298, 1796, 49, 794
187-651|52, 308|52, 696, 697, 695, 92, 2680, 787, 14, 370, 1797
188-2059|764, 1267, 567, 1800, 1801, 1667, 706|706, 567, 764, 1667, 1800, 1267, 1801, 1671, 65, 325
189-2425|239, 446, 1789, 1210|1789, 659, 1210, 446, 57, 342, 582, 498, 1786, 905
190-135|62, 1762, 638, 409|62, 6, 2104, 3658, 357, 215, 2, 1691, 63, 122
191-161|1803, 781, 217, 240, 241, 13, 54|13, 240, 49, 241, 1028, 14, 5, 117, 6, 47
192-551|206|206, 47, 645, 45, 397, 5, 14, 50, 1805, 163
193-4159|1558|649, 746, 863, 103, 891, 1558, 498, 446, 298, 1099
194-29|141, 79, 1808, 42|1808, 68, 79, 72, 74, 1813, 26, 67, 76, 1807
195-3532|141|68, 1602, 298, 103, 1346, 1016, 1817, 141, 1816, 1426
196-2459|1821, 1207, 1820|1822, 52, 1240, 1819, 1821, 1820, 1426, 1207, 208, 1376
197-1968|52|1240, 1822, 52, 1819, 1820, 1426, 208, 1821, 47, 68
198-4353|117, 306, 971, 84, 64|306, 117, 1060, 1830, 1829, 171, 1828, 1831, 470, 6
199-4353|214, 971, 405, 84, 64|45, 6, 306, 126, 1832, 501, 2, 171, 599, 15
200-245|120, 88, 140|1675, 2577, 117, 396, 140, 1833, 120, 107, 1834, 1294
201-1561|1833, 550, 1298, 1294|1833, 107, 1297, 1296, 1299, 1298, 1293, 1294, 1307, 1834
202-4354|1434, 1590, 836, 2634|35, 1836, 1838, 970, 207, 1839, 1840, 574, 389, 298
203-1989|45, 342, 35, 654, 2382, 68|35, 253, 654, 68, 1836, 970, 1841, 353, 206, 298
204-2488|1448, 1845|858, 1435, 1434, 177, 1448, 1453, 1845, 1433, 596, 1844
205-3599|1450, 113|858, 2213, 1453, 1434, 753, 1198, 113, 1129, 1847, 455
206-758|378, 1808, 582|582, 1808, 189, 732, 239, 94, 484, 721, 378, 482
207-17|14, 49|59, 45, 38, 1196, 49, 47, 17, 163, 629, 14
208-2486|1344|1435, 1434, 1845, 1453, 1844, 1344, 1766, 299, 49, 631
209-2055|64, 596, 29, 858, 335, 64, 250, 64|858, 60, 2593, 1659, 6, 64, 1852, 177, 12, 502
210-341|50, 51, 493|50, 51, 493, 794, 623, 175, 1271, 1853, 500, 499
211-234|377, 378, 254, 1854|254, 377, 153, 1854, 26, 1353, 379, 65, 380, 49
212-3889|1828, 1129, 1855, 149|149, 208, 1888, 2599, 2600, 1330, 745, 768, 65, 1147
213-1773|254|254, 808, 124, 313, 469, 1009, 388, 1797, 1354, 1239
214-3122|669|965, 2777, 669, 2692, 254, 369, 1357, 42, 124, 388
215-2983|732, 582, 1862, 470|965, 1094, 553, 1923, 582, 1676, 583, 1667, 1862, 171
216-1461|1554, 666, 556, 32, 365, 1043, 632|1183, 470, 582, 2601, 576, 35, 188, 2, 49, 122
217-1601|48, 1667|1870, 986, 48, 1656, 1037, 1787, 1956, 1148, 1955, 1332
218-2398|1077, 219, 114, 1769, 47, 49|47, 49, 1077, 114, 1769, 35, 219, 45, 1798, 2671
219-404|963, 1878, 404|963, 404, 645, 1870, 1878, 6, 40, 479, 66, 295
220-4160|654, 1881, 1447|466, 449, 2061, 338, 1796, 1590, 1882, 1880, 1879, 339
221-3329|1884, 1650, 1173|1650, 756, 1173, 13, 1060, 14, 247, 47, 1576, 240
222-3880|153, 11|2594, 1434, 1060, 206, 49, 2593, 14, 397, 13, 1453
223-1421|1892, 6, 939, 5|5, 6, 1891, 245, 939, 85, 13, 39, 14, 3692
224-3574|935, 60, 68, 1897, 91|60, 1610, 935, 1897, 1029, 106, 2577, 389, 124, 26
225-3837|1939, 94|254, 512, 808, 35, 206, 2676, 47, 184, 389, 1423
226-694|638, 3610, 3609|713, 213, 357, 62, 117, 149, 638, 3610, 712, 2
227-61|60, 29, 1898, 372|60, 47, 29, 372, 49, 1898, 59, 79, 42, 692
228-3876|1930, 436, 46|512, 638, 645, 1077, 39, 1386, 707, 1097, 1899, 939
229-2082|206, 5|254, 206, 5, 62, 78, 397, 40, 638, 93, 1050
230-3530|1270|208, 2128, 239, 1270, 913, 112, 1420, 1052, 198, 103
231-1467|794, 1196, 38, 47|59, 1196, 38, 47, 45, 50, 794, 49, 163, 26
232-156|711, 206, 40, 397, 5|206, 5, 397, 572, 163, 48, 645, 41, 1901, 3691
233-2582|1909|1909, 3305, 3304, 3264, 3263, 3262, 3261, 3260, 3259, 3258
234-65|122, 600, 2513, 54|206, 39, 122, 117, 1032, 121, 1039, 1910, 1911, 1060
235-1402|939|546, 206, 939, 49, 1060, 117, 47, 306, 1183, 522
236-4352|685, 713, 1914|1912, 1129, 347, 1093, 60, 79, 553, 163, 48, 547
237-1644|370|179, 1448, 1915, 47, 596, 1645, 791, 370, 1646, 170
238-1778|707, 1472, 1917|1916, 14, 1917, 707, 717, 264, 5, 6, 906, 85
239-347|14|727, 14, 247, 32, 634, 266, 85, 510, 728, 509
240-1560|889, 6, 5|94, 119, 645, 191, 342, 545, 1275, 1920, 1919, 64
241-640|50, 85, 39, 103|39, 85, 103, 5, 645, 1921, 519, 970, 354, 1046
242-2821|1933|965, 1923, 1932, 1933, 1356, 2172, 2179, 2174, 2173, 2175
243-116|342, 1629|1060, 39, 45, 64, 1629, 469, 14, 26, 93, 517
244-3822|736|736, 815, 1293, 2577, 281, 171, 342, 1110, 106, 1588
245-3312|1940, 1942, 654, 1938|1938, 179, 1939, 1942, 1941, 1940, 654, 798, 1943, 1432
246-3311|1940, 1941, 179, 1938|1938, 179, 1939, 1943, 798, 1942, 1941, 1940, 654, 1432
247-3310|179, 1938|1938, 179, 1939, 1943, 798, 654, 1942, 1941, 1940, 1432
248-3267|32, 32, 824, 824, 1934, 1936, 1935|1935, 1934, 824, 32, 965, 1933, 1923, 1936, 813, 1356
249-4160|2061, 466, 449|466, 449, 2061, 49, 47, 45, 126, 371, 14, 356
250-2933|965|965, 1923, 1356, 1932, 2172, 1933, 2179, 2174, 2173, 2175
251-1625|590|1345, 582, 117, 1676, 1090, 6, 551, 1228, 457, 31
252-1531|335|1259, 189, 254, 250, 26, 666, 42, 10, 12, 1354
253-781|713, 1799|3609, 198, 746, 749, 6, 1326, 78, 1945, 42, 469
254-1498|319, 582, 189|189, 582, 319, 2213, 412, 1367, 2124, 2349, 2348, 464
255-751|240|240, 254, 1094, 163, 1949, 1808, 668, 13, 306, 117
256-1790|1957, 1956|2568, 191, 1864, 2569, 84, 1499, 1487, 220, 1601, 64
257-2473|3500, 35, 3622|35, 2676, 880, 1836, 1840, 298, 1038, 970, 181, 1053
258-3448|2056, 2057, 1971, 2029|1970, 2029, 1983, 1971, 2057, 2056, 1976, 1620, 1988, 367
259-3430|1971, 2012|654, 1971, 2008, 818, 2006, 2010, 1970, 899, 1221, 1431
260-3370|1969, 1970|1970, 1969, 1983, 1976, 1620, 2029, 1988, 367, 1971, 32
261-661|85, 32, 1988|1970, 1983, 402, 103, 1079, 1976, 1891, 1620, 245, 1471
262-3787|98|1808, 668, 163, 466, 98, 490, 892, 14, 52, 501
263-837|32, 237|806, 837, 838, 237, 65, 1597, 6, 418, 45, 207
264-3427|179|1970, 1983, 179, 256, 32, 1620, 85, 353, 21, 156
265-3357|1864|1864, 191, 64, 2568, 192, 2569, 1966, 2158, 40, 2572
266-1434|107|462, 1182, 1094, 14, 1060, 140, 5, 409, 247, 47
267-1416|2077, 14|1094, 247, 1087, 14, 49, 2078, 1145, 94, 47, 1060
268-169|369|254, 1259, 369, 26, 390, 1425, 189, 45, 124, 10
269-1629|154|768, 1347, 364, 1147, 769, 1752, 1751, 149, 770, 154
270-1517|794, 198, 1420, 1697|1389, 2114, 796, 198, 436, 1697, 52, 8, 12, 112
271-3476|2080|2080, 2079, 2082, 2081, 2084, 198, 167, 1041, 1420, 833
272-3474|2082, 2080|2080, 2079, 2082, 2081, 2084, 198, 167, 1041, 1420, 833
273-3474|2082, 2080|2080, 2079, 2082, 2081, 2084, 198, 167, 1041, 1420, 833
274-234|469, 2083, 42|469, 2083, 254, 471, 1353, 379, 153, 377, 380, 65
275-2803|248, 1710, 1747|1923, 965, 254, 666, 26, 1362, 1247, 556, 533, 1259
276-3476|198, 2080|2080, 2082, 2081, 2079, 2084, 198, 167, 1420, 1041, 833
277-269|6, 5|5, 6, 181, 49, 64, 21, 20, 47, 111, 480
278-2406|595, 35|595, 35, 596, 1077, 47, 49, 1597, 843, 418, 126
279-276|106, 62, 107, 410, 2, 4, 122, 408, 523, 188, 477, 49|49, 47, 408, 188, 2, 122, 246, 62, 63, 477
280-1381|208, 2469|48, 49, 1137, 596, 372, 47, 542, 2085, 2, 208
281-1857|175|794, 175, 623, 1271, 795, 1118, 1549, 52, 1540, 372
282-2575|188|2098, 478, 929, 188, 29, 144, 189, 52, 795, 206
283-490|87|469, 471, 42, 1857, 14, 93, 106, 107, 45, 26
284-1721|29, 1009, 254|72, 2099, 254, 214, 851, 2, 922, 1009, 217, 1190
285-3312|1450, 35, 1942, 654, 1394, 2850|2100, 1938, 1939, 179, 1942, 1941, 1940, 2103, 654, 2102
286-3817|596, 46, 2542|1347, 46, 2542, 1696, 596, 1096, 1129, 94, 49, 1689
287-533|45|49, 47, 163, 426, 45, 609, 59, 395, 5, 542
288-1508|826|826, 1053, 605, 302, 354, 258, 508, 339, 32, 510
289-3470|1761|1761, 768, 1347, 1751, 1760, 2200, 1755, 1752, 2199, 1389
290-1966|117, 2107, 1281, 2108, 1283|1283, 2107, 1280, 2108, 117, 1281, 396, 153, 1282, 1053
291-2069|172, 45, 29, 463, 683, 1347, 1059, 73, 103, 179, 5|1678, 240, 2627, 672, 186, 181, 2109, 92, 2110, 217
292-2090|1420|1420, 198, 206, 8, 1325, 1717, 50, 1326, 62, 1715
293-1788|1114|20, 15, 2111, 1505, 1507, 1114, 65, 815, 898, 819
294-3459|35, 1366, 5|35, 184, 715, 1423, 253, 47, 1015, 228, 517, 2676
295-1805|2, 79, 113|582, 319, 189, 1492, 1491, 1517, 79, 2113, 29, 144
296-3874|359|2579, 246, 423, 359, 47, 49, 2072, 1823, 1320, 942
297-2432|1457, 3, 57, 15, 1747|57, 1457, 15, 1747, 485, 491, 659, 3, 1210, 1569
298-110|1094|52, 800, 175, 65, 85, 1127, 221, 1121, 702, 3692
299-3855|2117, 304|2117, 304, 2801, 2565, 280, 242, 2566, 1610, 253, 1608
300-1297|902, 217, 2118, 2119, 32|2119, 2118, 1124, 800, 1122, 94, 1954, 874, 1577, 1094
301-1319|1277|94, 582, 1122, 732, 655, 340, 2, 605, 606, 217
302-71|1631|1631, 47, 130, 131, 133, 132, 659, 1400, 694, 122
303-2063|659, 313, 660|1923, 659, 660, 313, 764, 1671, 1670, 1669, 965, 189
304-3873|171, 2096|1389, 2114, 2127, 1094, 2096, 1537, 2129, 1210, 2128, 208
305-3531|2132, 2133, 179|179, 2133, 2132, 1158, 2558, 1939, 1938, 819, 871, 2006
306-1061|239, 999, 582, 1000, 813|817, 582, 239, 94, 1365, 189, 319, 245, 49, 47
307-3229|110|965, 717, 26, 5, 1923, 189, 319, 1356, 1932, 735
308-4353|2, 971|5, 45, 254, 6, 1605, 1023, 436, 383, 105, 1157
309-2101|64, 1111, 142, 342, 1724|342, 142, 1111, 64, 1724, 631, 1455, 776, 266, 815
310-878|247|208, 1127, 728, 94, 5, 35, 2134, 402, 2754, 1965
311-3808|93|93, 45, 41, 138, 388, 42, 63, 1094, 648, 163
312-3504|206, 2146|206, 2146, 92, 2109, 47, 392, 149, 240, 2110, 293
313-3801|1946|42, 2126, 1946, 142, 68, 1427, 26, 93, 2687, 179
314-1682|49|6, 418, 1597, 654, 122, 45, 35, 117, 126, 12
315-502|1145|14, 32, 266, 1698, 94, 478, 65, 256, 85, 322
316-2512|1009, 1620|191, 64, 192, 40, 1620, 1009, 2148, 733, 335, 2053
317-2023|2117, 304|1610, 1606, 1608, 141, 2117, 1630, 228, 1620, 304, 1627
318-1915|469, 436, 2151|469, 2150, 835, 436, 2151, 112, 12, 502, 6, 383
319-1100|906, 527|527, 906, 2213, 1129, 1019, 1018, 898, 484, 543, 295
320-806|801|826, 779, 782, 801, 854, 68, 2152, 32, 797, 418
321-1952|1597|207, 1597, 654, 1394, 801, 32, 1103, 35, 282, 2564
322-187|1094|1094, 1540, 264, 186, 118, 263, 106, 267, 5, 6
323-2058|195, 1664|45, 1665, 50, 195, 1664, 1663, 308, 47, 1094, 94
324-1943|905|1300, 905, 903, 1591, 1553, 673, 618, 189, 342, 895
325-65|2513|704, 49, 45, 1662, 2, 2157, 122, 117, 121, 111
326-810|826|826, 803, 782, 779, 1053, 112, 354, 605, 32, 781
327-2520|93|93, 254, 45, 26, 64, 621, 555, 2158, 313, 469
328-4159|102, 2160, 2161, 2164|746, 649, 2161, 2166, 2160, 2164, 2163, 2159, 2169, 2167
329-2868|2172|965, 1923, 2172, 2179, 2174, 2173, 2175, 2176, 2181, 2186
330-1673|645, 978, 14|645, 1397, 618, 1060, 627, 2195, 2194, 2196, 2197, 1453
331-428|50, 126, 511, 246|49, 122, 35, 63, 408, 391, 948, 313, 126, 45
332-388|32, 717|14, 105, 31, 85, 565, 6, 189, 735, 717, 482
333-68|125, 122, 22|22, 64, 21, 20, 296, 122, 149, 286, 117, 107
334-2481|402, 38|2155, 253, 35, 838, 1130, 228, 298, 1038, 1199, 402
335-3579|79|79, 52, 664, 68, 2198, 42, 72, 179, 2207, 795
336-3547|1610, 1029|1610, 1029, 228, 2584, 68, 2605, 2585, 1394, 2201, 1608
337-2361|1752, 768, 1755, 1751, 2200, 1347|1347, 768, 1751, 1752, 1761, 2200, 1755, 686, 2199, 1750
338-3578|1610, 2201|1610, 2201, 228, 2202, 1615, 2584, 1029, 1608, 1606, 863
339-26|1161|1161, 69, 70, 65, 645, 46, 1157, 1137, 35, 512
340-2829|2311|1923, 2202, 1610, 228, 965, 1607, 1608, 1606, 466, 1612
341-119|50, 128, 713, 47|47, 49, 978, 370, 128, 1641, 595, 156, 488, 50
342-420|2206, 48, 65, 84|48, 84, 135, 700, 65, 32, 42, 40, 191, 192
343-1023|2211|2210, 1199, 2211, 3620, 21, 3635, 3634, 3627, 3618, 3628
344-1832|228, 2212|1610, 228, 863, 2212, 2605, 1046, 1394, 2586, 411, 1249
345-3663|2213, 335, 301, 158, 1129, 654|2213, 2287, 2286, 2285, 1129, 2288, 2231, 144, 2, 29
346-3612|2213, 574, 2068|2213, 1129, 350, 308, 52, 1915, 217, 17, 1697, 2122
347-3588|2213, 2238, 501|2213, 1129, 2238, 137, 2, 501, 63, 146, 2215, 221
348-3645|29, 144|2213, 144, 1129, 29, 742, 918, 2320, 587, 1192, 2476
349-3708|2362, 2213, 2363, 2364, 2365, 2366, 2353|2213, 2362, 2365, 1129, 2353, 2364, 2366, 2363, 1882, 424
350-3765|67, 2213, 1359, 1141, 23|2213, 23, 1141, 67, 1915, 1129, 2499, 1359, 2238, 1032
351-3692|2213, 1229, 2235|2213, 2235, 1229, 1032, 1129, 48, 1776, 2423, 2230, 247
352-911|505, 902, 903, 266|903, 266, 902, 13, 240, 1570, 897, 505, 1144, 1804
353-3628|1915, 2213, 512, 2466, 2126|2213, 2126, 512, 1129, 441, 1915, 18, 2230, 2244, 2466
354-3679|2213, 1084, 548|2213, 1129, 548, 1236, 48, 2195, 2341, 1032, 2342, 2235
355-3662|2492, 2459, 2213|2213, 2230, 2321, 2459, 1129, 177, 2493, 2486, 737, 1776
356-3737|2231, 2422, 2213|2213, 2422, 1129, 2494, 1915, 103, 2230, 2515, 2458, 2055
357-1405|886, 2213, 144|2213, 1129, 1532, 2318, 144, 133, 1161, 405, 886, 29
358-3592|2213, 72, 2322|2213, 72, 1129, 404, 214, 2322, 1915, 2427, 199, 2426
359-3754|85, 2463|2213, 2463, 1776, 1129, 85, 2515, 266, 2429, 63, 1810
360-3737|2458, 2213, 103|2213, 2422, 1129, 2494, 103, 2230, 2515, 2458, 2055, 1776
361-2479|35|370, 478, 35, 1836, 1158, 715, 755, 179, 454, 6
362-1928|2, 454, 2106, 313, 35, 717|2512, 35, 2514, 65, 717, 2, 454, 189, 3692, 313
363-276|2213, 408, 1129, 49|2213, 49, 1129, 408, 63, 2, 1776, 29, 188, 144
364-2453|1346, 35, 2518|1346, 2518, 35, 49, 1602, 371, 114, 1899, 2229, 372
365-1154|1592|93, 45, 26, 64, 206, 1040, 1266, 1054, 42, 252
366-3767|2213|2213, 2386, 2383, 2384, 1129, 1915, 29, 144, 2244, 1776
367-783|432, 2521, 759, 582, 755, 163|13, 163, 759, 757, 1022, 2521, 1804, 149, 756, 755
368-966|841|128, 2522, 2382, 1570, 634, 1115, 894, 1116, 1453, 64
369-3324|2523|2523, 582, 189, 319, 1832, 2229, 2213, 615, 371, 114
370-1252|1410|1410, 1118, 728, 39, 52, 1206, 800, 1150, 2097, 1117
371-3825|154, 568, 898, 512, 149|568, 13, 645, 898, 149, 512, 1855, 154, 241, 1662
372-3784|1848|1315, 488, 1447, 2535, 2534, 1942, 2263, 47, 48, 2213
373-3455|295, 2530, 2167, 2163, 2164, 2160, 2166|2166, 2160, 2163, 2164, 2161, 2530, 2167, 2169, 295, 298
374-725|63, 2531|163, 2531, 5, 800, 105, 582, 702, 1121, 572, 1308
375-4355|1854, 14, 2532, 1236|1854, 645, 2533, 2532, 7, 948, 247, 531, 766, 968
376-2583|835, 1795|1942, 39, 206, 1039, 1447, 382, 35, 2564, 372, 1158
377-3789|216, 345|501, 345, 659, 2008, 314, 832, 733, 52, 2468, 737
378-1889|52, 2008, 501|52, 1540, 713, 501, 2008, 1790, 490, 466, 113, 1265
379-103|45, 254, 64, 26, 167, 93|254, 45, 64, 1946, 26, 49, 1947, 167, 93, 68
380-2072|1664, 5|965, 1074, 79, 94, 171, 951, 528, 645, 515, 349
381-9|34, 6, 24, 36|36, 24, 1060, 963, 13, 1173, 46, 644, 4, 463
382-798|1485, 1482, 1514|776, 463, 1514, 1485, 1482, 342, 1300, 895, 673, 905
383-1146|968, 1425|968, 45, 645, 5, 242, 171, 1029, 469, 254, 247
384-3811|2544, 2545, 968|968, 2545, 2544, 242, 1716, 6, 247, 5, 83, 499
385-4045|2549|511, 107, 342, 2761, 631, 344, 1588, 1275, 2510, 2546
386-1817|1170, 79, 163, 188|228, 1492, 1502, 863, 1493, 1170, 79, 94, 948, 188
387-2450|191|191, 64, 163, 40, 192, 1815, 1864, 48, 1955, 31
388-3826|141, 1239, 242, 253, 1838, 236, 298, 35|35, 242, 737, 141, 1858, 382, 863, 662, 236, 253
389-1886|794, 52|794, 50, 51, 795, 1540, 150, 2207, 1544, 5, 237
390-2364|1754|1754, 13, 1347, 645, 1751, 241, 568, 768, 1625, 1662
391-2479|35|35, 1836, 6, 1158, 715, 755, 253, 970, 1839, 1838
392-1065|1006|1006, 913, 568, 241, 659, 13, 2550, 676, 14, 495
393-458|2, 6, 906, 250, 259|6, 5, 32, 30, 1818, 2548, 645, 1060, 906, 2
394-3871|687, 1047, 511|181, 517, 47, 49, 409, 171, 188, 1717, 485, 1047
395-2000|715, 32|282, 838, 2155, 353, 35, 806, 1423, 715, 6, 512
396-4077|29, 339, 2553|2782, 2781, 3615, 3614, 1477, 2553, 517, 976, 353, 1447
397-4116|500, 1173, 189|1100, 1015, 500, 1094, 94, 6, 645, 2554, 49, 35
398-3847|179|1158, 2558, 179, 2556, 153, 2557, 2560, 1200, 2559, 2561
399-3853|484, 2558|1200, 2558, 1158, 484, 2557, 2560, 179, 2556, 2559, 2561
400-3852|2561|2558, 1158, 2561, 2557, 2560, 179, 1200, 2559, 484, 2556
401-3322|2570, 81|2570, 1094, 1667, 881, 319, 582, 189, 1543, 2063, 1857
402-3859|141, 1696, 341, 280, 2106, 2565, 1346, 1620|280, 2565, 1696, 2106, 1346, 141, 2564, 253, 35, 2563
403-2425|659, 1789|1789, 1878, 84, 490, 511, 46, 582, 498, 1786, 1785
404-739|2568|2568, 553, 2573, 48, 2572, 84, 191, 2651, 31, 1862
405-981|50, 29, 85, 144, 361|144, 29, 1632, 226, 225, 2436, 14, 985, 2229, 2250
406-3915|107|107, 2641, 655, 142, 2642, 2574, 1946, 26, 3613, 2628
407-3915|2574|2574, 2641, 655, 142, 2642, 107, 1946, 26, 1234, 464
408-4355|2533, 247, 2532|2575, 5, 247, 645, 246, 2579, 463, 1698, 306, 628
409-855|853, 851, 665|252, 64, 73, 853, 45, 383, 851, 665, 968, 704
410-3539|2436, 2268, 1129|1776, 29, 144, 1129, 2436, 2213, 188, 2268, 2008, 501
411-190|1129|2436, 985, 1032, 1060, 2213, 188, 144, 29, 1037, 1129
412-1353|1915, 1776, 978, 14|14, 2213, 144, 29, 2436, 1129, 1776, 1915, 488, 2294
413-821|35|35, 1346, 1077, 1079, 2213, 49, 2518, 1602, 6, 833
414-3789|216, 768|501, 345, 768, 1347, 769, 1147, 149, 770, 154, 550
415-2368|117, 92, 1734|342, 920, 92, 142, 1275, 815, 48, 106, 776, 2577
416-1033|2579|2579, 305, 952, 937, 935, 181, 645, 306, 672, 956
417-59|1094|1094, 113, 52, 795, 50, 51, 796, 68, 863, 1540
418-1740|2435, 2580, 113|2580, 113, 2, 2068, 2435, 1253, 3692, 717, 1129, 189
419-2096|154, 32, 1722, 47, 221|47, 45, 1722, 221, 85, 137, 785, 1310, 78, 246
420-1707|1016|512, 1016, 206, 35, 638, 2582, 1817, 774, 129, 1346
421-1934|171|2777, 645, 14, 1129, 171, 768, 1347, 6, 247, 1147
422-3578|228, 616, 467|228, 1610, 2202, 2584, 68, 1615, 39, 466, 2586, 1620
423-1615|1060|1060, 645, 1397, 618, 1337, 5, 6, 189, 1473, 13
424-286|107|93, 79, 254, 107, 45, 428, 2590, 2588, 204, 2589
425-3502|2591, 2106, 1096, 1079|1096, 2591, 1696, 1079, 2106, 403, 122, 298, 401, 402
426-3319|810, 1405, 793|189, 319, 582, 2150, 335, 1273, 2468, 2592, 1219, 1655
427-2049|2593|2593, 6, 2594, 1453, 1434, 858, 64, 1229, 177, 1852
428-3573|107|1610, 1029, 107, 93, 2589, 546, 2587, 389, 141, 2590
429-1731|280|280, 98, 466, 14, 1439, 490, 228, 1441, 1359, 1440
430-109|92, 6, 5|92, 2109, 206, 149, 392, 5, 1060, 6, 2213, 645
431-3796|1094|1094, 641, 1554, 1601, 32, 482, 556, 500, 15, 2595
432-1365|2597|247, 1146, 14, 727, 1060, 113, 1088, 795, 35, 796
433-3594|877, 1859|2213, 1633, 2221, 470, 194, 1859, 72, 208, 98, 2603
434-827|2773, 846, 820|829, 811, 1952, 179, 820, 819, 781, 821, 35, 800
435-2085|1188|1023, 1605, 383, 252, 1698, 542, 35, 1838, 47, 645
436-1335|246, 46, 293|247, 5, 47, 2, 188, 246, 49, 542, 1122, 1121
437-1832|228, 1610, 1394|228, 1610, 863, 2605, 1394, 1046, 2212, 2586, 411, 1249
438-4040|154, 233, 892, 2755|477, 2606, 98, 2755, 154, 1399, 233, 286, 3692, 1680
439-242|191, 192, 40, 64|105, 191, 64, 192, 40, 149, 582, 14, 392, 319
440-225|1145|957, 1145, 1151, 22, 645, 363, 21, 247, 14, 32
441-3453|282, 620, 2621, 207, 807|207, 1597, 837, 1922, 2617, 282, 2608, 35, 620, 141
442-1013|2627, 1678|1678, 2627, 938, 305, 1677, 101, 117, 409, 644, 186
443-4356|107, 895, 2632|107, 39, 2628, 2629, 113, 110, 5, 2631, 2632, 1902
444-4354|1434, 2634|1434, 596, 126, 1449, 2594, 2551, 177, 2633, 46, 1456
445-3496|2100|2100, 2103, 2102, 2101, 2104, 37, 1096, 454, 39, 35
446-957|794, 239, 323, 241, 568|568, 913, 1094, 13, 241, 794, 281, 323, 906, 1271
447-2393|47|47, 49, 50, 2636, 1769, 223, 143, 716, 2592, 1378
448-971|1094|903, 1045, 1105, 219, 290, 582, 2637, 14, 266, 741
449-2787|2, 1578|1923, 660, 1356, 686, 78, 1094, 243, 490, 244, 32
450-764|243, 557|796, 795, 1244, 740, 1094, 487, 488, 191, 5, 192
451-2485|1448|1448, 177, 596, 1434, 858, 2633, 179, 1435, 1846, 1844
452-3827|2551, 627, 46, 47|2551, 46, 47, 627, 59, 155, 115, 49, 60, 865
453-3909|1589|2, 1589, 1453, 595, 2551, 1036, 35, 1445, 2197, 1434
454-3913|2638|2638, 3305, 3304, 3264, 3263, 3262, 3261, 3260, 3259, 3258
455-3860|82|2281, 2640, 2639, 641, 2568, 48, 79, 655, 2767, 2768
456-122|107, 287, 348, 185, 186, 289|184, 107, 186, 185, 289, 287, 201, 47, 2, 217
457-3865|2642|2642, 2574, 107, 2641, 655, 142, 1946, 26, 3613, 1234
458-2566|85, 2122|85, 1891, 2690, 298, 401, 402, 608, 645, 5, 1094
459-3920|184, 107, 1420|181, 107, 184, 1059, 2649, 1420, 264, 2645, 2643, 2648
460-3481|250, 477, 49|47, 418, 1366, 6, 2650, 477, 246, 751, 542, 208
461-3877|556, 2582|2582, 107, 1444, 556, 822, 129, 512, 1443, 577, 1514
462-2005|645|2651, 645, 222, 6, 26, 3692, 970, 253, 1201, 335
463-1329|634, 15|1117, 2, 1119, 874, 9, 45, 664, 79, 188, 65
464-1859|50, 51, 638, 1540|739, 206, 348, 623, 644, 85, 638, 795, 796, 1240
465-560|32, 823|2652, 670, 630, 94, 629, 44, 1738, 31, 54, 113
466-546|582, 1829, 1087, 1667, 113, 1060|14, 1350, 130, 497, 1060, 1689, 60, 217, 49, 514
467-4356|107, 1651, 286|39, 107, 114, 131, 196, 2628, 2629, 2145, 1031, 60
468-539|1094|1094, 2343, 623, 404, 1009, 61, 953, 703, 388, 2203
469-3926|556, 2536, 906, 171, 2192|906, 556, 171, 2192, 2536, 144, 29, 1644, 527, 15
470-873|864, 242, 47|47, 189, 49, 114, 1129, 92, 242, 35, 1553, 39
471-550|247, 65, 254, 113|206, 800, 774, 113, 223, 1418, 1951, 1622, 247, 14
472-1392|1094|1094, 409, 635, 732, 645, 13, 35, 1060, 1342, 707
473-3873|6, 746|1389, 2114, 746, 1094, 2096, 1537, 1347, 961, 1212, 1976
474-3479|49, 463, 47|47, 49, 50, 463, 409, 188, 372, 485, 374, 5
475-109|6, 2658, 5|5, 2658, 130, 528, 582, 6, 1060, 179, 645, 2213
476-530|1408, 101, 2659, 47|47, 176, 170, 2659, 45, 542, 49, 1408, 2660, 101
477-1944|1896|247, 2661, 1173, 308, 13, 163, 14, 2662, 645, 1100
478-250|2590, 93|93, 2590, 107, 79, 995, 406, 68, 405, 72, 78
479-1601|48, 986, 1656, 84, 457|986, 51, 48, 1037, 1656, 1787, 1956, 1148, 1955, 1332
480-2460|60|1240, 68, 60, 1697, 1797, 52, 78, 48, 501, 1822
481-3908|107|107, 2629, 39, 2628, 1142, 2463, 1902, 1097, 2630, 776
482-661|85|141, 112, 157, 2663, 402, 103, 1891, 245, 1471, 952
483-4357|107, 2665, 280, 254, 40, 64, 93|107, 280, 40, 204, 154, 224, 462, 45, 348, 466
484-2455|1825, 1376|1240, 1822, 47, 52, 68, 1376, 1823, 874, 1037, 1825
485-1011|670, 630|1923, 365, 630, 48, 735, 1667, 670, 1548, 32, 254
486-1893|905, 311, 1552|905, 342, 446, 1552, 2676, 659, 1210, 47, 49, 35
487-2030|2575|498, 1606, 1635, 1631, 2575, 1090, 14, 1682, 363, 163
488-569|107, 942, 47|47, 49, 52, 50, 542, 45, 107, 126, 462, 113
489-1215|917, 15, 47|47, 917, 49, 1698, 1081, 1092, 1096, 171, 1700, 208
490-2551|13|13, 1060, 1870, 1751, 1343, 144, 308, 6, 1347, 2682
491-3942|92, 26|791, 64, 26, 2688, 2313, 732, 1648, 29, 45, 1645
492-1245|815|815, 746, 1387, 517, 1105, 94, 634, 2565, 342, 280
493-350|1427|206, 63, 130, 84, 1427, 1183, 45, 1492, 42, 293
494-1562|1300|1300, 895, 39, 5, 1297, 1301, 85, 776, 631, 673
495-3950|3690, 487|641, 2640, 2785, 378, 2152, 48, 2692, 2698, 2639, 79
496-1456|2313, 14, 47|47, 14, 247, 1640, 791, 1645, 1641, 2688, 1646, 1079
497-368|1094|1094, 79, 113, 1297, 2174, 2173, 533, 644, 2690, 2568
498-1961|228, 1046, 94, 863, 498, 1566|228, 863, 1046, 1568, 181, 498, 1566, 1099, 1557, 1567
499-3968|2739|2739, 2710, 1193, 2719, 2722, 2706, 2716, 2696, 2692, 1943
500-4038|181, 2741, 2743|2741, 181, 2748, 117, 2745, 2746, 2743, 2749, 2740, 102
501-4028|117, 2741, 2748, 2746, 2742, 3641, 2749|2741, 117, 2746, 2748, 2749, 2745, 2742, 181, 2752, 2740
502-5|222, 2179|22, 1074, 2753, 994, 332, 402, 21, 20, 336, 2179
503-361|45, 61, 63, 1427|61, 45, 63, 72, 1427, 254, 524, 564, 124, 562
504-557|599, 547, 47, 5|5, 47, 59, 49, 45, 171, 15, 306, 117, 52
505-234|153, 254, 1357|254, 47, 114, 379, 1353, 153, 45, 377, 163, 380
506-3858|154, 2567, 2756, 64|2756, 2564, 353, 335, 2567, 905, 103, 1732, 829, 820
507-4044|184, 2757, 2759|2757, 184, 2759, 319, 604, 2758, 1318, 1435, 1433, 1470
508-4043|2758, 2757, 604|2757, 604, 2758, 319, 184, 2759, 1318, 1435, 189, 1433
509-1732|65|1442, 2760, 313, 1443, 1135, 1444, 254, 432, 588, 589
510-1288|2650|2650, 791, 128, 29, 1094, 1526, 1378, 1644, 1642, 1578
511-378|79, 406|79, 406, 995, 405, 1492, 1502, 2637, 238, 78, 42
512-4045|107, 511|511, 107, 2761, 147, 60, 2512, 1485, 1491, 1483, 822
513-262|106, 2, 29, 63, 144, 246, 408|794, 49, 106, 59, 122, 408, 246, 62, 2, 47
514-1796|1737, 102|313, 463, 184, 325, 498, 1514, 1513, 703, 15, 1492
515-1023|2762, 2763|2763, 2762, 3620, 21, 3635, 3634, 3627, 3618, 3640, 3626
516-311|2130|280, 204, 107, 462, 45, 138, 464, 40, 79, 447
517-349|2764, 725|2764, 14, 1009, 29, 2765, 2778, 2779, 2780, 725, 968
518-244|171, 239|732, 5, 163, 710, 735, 14, 2832, 582, 1631, 398
519-1640|736, 93|93, 666, 1353, 736, 42, 124, 254, 1818, 26, 45
520-3500|403, 52|403, 1096, 794, 50, 2591, 1696, 51, 454, 246, 49
521-3952|655|655, 342, 2692, 2281, 64, 1541, 78, 340, 733, 354
522-814|2767|2767, 2768, 2770, 32, 2769, 782, 354, 1060, 803, 802
523-2007|794, 2106|1094, 35, 659, 2316, 2676, 1623, 2159, 51, 226, 1622
524-1564|1306, 1296, 1307, 1297, 1294|107, 1293, 1294, 1305, 1304, 1303, 1302, 6, 1297, 1296
525-4052|107, 6, 1294|107, 6, 1293, 1305, 1304, 1303, 1302, 970, 1294, 1289
526-3537|130, 6, 14, 5, 1157|5, 1157, 1606, 498, 208, 2141, 187, 201, 6, 171
527-140|203, 45, 194, 461, 26|204, 49, 45, 408, 50, 26, 197, 266, 203, 85
528-4052|107, 1293|107, 1293, 1833, 1240, 1294, 1305, 1304, 1303, 1302, 6
529-3466|184, 2771, 2074, 939|1094, 1173, 2771, 2075, 117, 939, 184, 2074, 2776, 706
530-242|32, 582, 14, 105, 149|582, 105, 44, 65, 2157, 14, 32, 149, 392, 113
531-14|49|49, 47, 50, 45, 126, 51, 48, 246, 46, 52
532-3568|2772, 831, 611, 819|179, 335, 154, 32, 2772, 2185, 965, 2172, 2179, 2174
533-180|14, 113|582, 5, 113, 14, 191, 349, 1148, 1088, 264, 44
534-1668|645|354, 85, 6, 5, 620, 2663, 242, 1103, 485, 1805
535-134|60, 1390, 655, 2829|715, 29, 1699, 437, 39, 122, 242, 1390, 354, 1454
536-4050|2362, 1025, 654, 2058|2767, 1029, 85, 2058, 2770, 2769, 2282, 1181, 112, 2766
537-1502|973, 494|26, 1232, 64, 973, 93, 49, 254, 42, 78, 67
538-113|29, 1849, 178, 180, 179, 143, 47|47, 1849, 49, 374, 45, 542, 126, 179, 29, 50
539-109|6, 645, 14|5, 6, 1060, 47, 105, 49, 374, 645, 14, 372
540-2082|163, 1200, 392|1200, 206, 5, 163, 105, 397, 49, 398, 2775, 171
541-167|2776|1173, 14, 2776, 5, 528, 251, 910, 102, 65, 766
542-4058|2200, 2777|2777, 2200, 3692, 717, 970, 267, 239, 937, 3655, 1368
543-2420|731|1786, 1667, 191, 64, 731, 40, 582, 1308, 84, 47
544-2573|1180, 18, 48, 206|206, 84, 48, 94, 1180, 572, 220, 1069, 79, 171
545-1815|184, 1523, 29, 79, 213|79, 1523, 1492, 29, 213, 184, 18, 1517, 42, 1953
546-2632|258, 2, 1356, 29, 859, 340, 1814, 179, 1727, 611, 490, 1756, 686, 313, 660|965, 1923, 1356, 1094, 490, 142, 660, 1273, 225, 659
547-2610|85, 1921, 2024, 2021|820, 85, 1921, 1988, 893, 1970, 1079, 517, 402, 2021
548-767|2778, 2780, 2779|2778, 2779, 2780, 79, 14, 247, 163, 743, 927, 221
549-280|154, 40, 296, 425, 22|22, 363, 85, 582, 296, 348, 316, 108, 315, 21
550-235|206|206, 64, 47, 1266, 381, 1798, 246, 477, 144, 2125
551-4300|2781, 2782|3614, 2782, 2781, 3615, 1424, 207, 1449, 2997, 3616, 1091
552-2489|1854|1854, 5, 800, 3692, 799, 760, 884, 278, 997, 84
553-4355|1854, 14|1854, 463, 1145, 14, 2783, 1173, 904, 485, 354, 24
554-458|6, 906, 1854, 259|14, 1854, 756, 485, 2784, 645, 1060, 906, 2, 6
555-3498|2100, 2103|2100, 2103, 2102, 2101, 2104, 37, 1096, 454, 39, 35
556-4357|107, 45, 2665, 41, 64, 26, 138|93, 204, 79, 138, 41, 280, 462, 107, 939, 449
557-1496|239, 246, 47|1334, 198, 794, 150, 1544, 79, 47, 50, 1698, 423
558-4115|1852, 2785, 1853, 2786, 2788, 2787, 1852, 2789|1852, 2787, 2785, 1853, 2789, 2788, 2786, 378, 2698, 611
559-103|469, 1947, 1948|1950, 2570, 254, 1948, 124, 2466, 654, 469, 45, 1946
560-1434|462, 1182, 1339|462, 1182, 140, 206, 2790, 213, 939, 1180, 102, 2559
561-4118|281, 868, 2793|281, 2793, 868, 2795, 2794, 117, 2799, 2792, 2791, 2800
562-3859|696, 2117, 304|2117, 304, 280, 2565, 2801, 1696, 141, 2106, 1346, 1627
563-4320|2803, 2812, 2804, 2805, 2807|3673, 3672, 2803, 2805, 2809, 2808, 338, 3662, 396, 22
564-978|179, 266|266, 903, 833, 1158, 179, 17, 1041, 142, 517, 23
565-1911|1557, 634|2529, 498, 2166, 2163, 863, 2170, 1099, 1557, 117, 2161
566-3852|2561, 1200|2558, 1200, 2561, 1158, 2557, 2560, 2556, 179, 2092, 2350
567-1214|219, 68, 2058|219, 1029, 605, 2058, 50, 715, 1085, 64, 2282, 1181
568-541|535, 32, 14|1698, 497, 86, 1707, 32, 14, 49, 122, 117, 22
569-3876|2819, 1763, 2257|512, 638, 2819, 2821, 2820, 35, 2782, 1796, 1843, 1096
570-4142|1094|107, 1094, 3613, 2628, 2629, 204, 2690, 1293, 111, 2691
571-1052|1403, 487, 994, 3652|59, 92, 994, 217, 487, 1403, 3652, 94, 220, 755
572-900|961|1094, 645, 6, 889, 896, 961, 1471, 5, 1060, 713
573-2728|1094|1094, 1923, 965, 1356, 1932, 618, 932, 1005, 1007, 735
574-622|677, 2549, 514|6, 676, 677, 913, 1430, 154, 240, 1804, 4, 274
575-4149|1094|1094, 107, 2145, 3613, 2690, 2691, 2343, 2834, 2833, 2595
576-4299|8, 2018, 237|107, 3613, 8, 15, 225, 283, 698, 111, 640, 2628
577-1016|271, 225, 812, 85, 247, 273, 6, 40, 266, 5, 717|926, 645, 349, 40, 941, 93, 717, 6, 26, 64
578-2082|582, 2822, 2823, 1074|582, 2823, 2822, 1074, 206, 5, 397, 64, 826, 1053
579-1187|1094|1094, 45, 242, 469, 717, 254, 26, 1556, 881, 52
580-3910|1094|1094, 1434, 2152, 663, 596, 1920, 545, 2803, 2809, 2594
581-2825|490|1923, 965, 23, 490, 29, 243, 1356, 1932, 244, 655
582-4354|1448, 2634|1448, 1773, 46, 1434, 60, 737, 1943, 596, 3022, 1599
583-1318|60, 224, 1130, 213, 2825, 357|213, 357, 1130, 224, 2825, 215, 1423, 60, 3649, 478
584-3472|462, 436, 213, 345|436, 417, 1265, 213, 357, 2824, 215, 313, 2827, 2826
585-3920|184, 2649, 1059|107, 181, 184, 1420, 264, 1059, 2649, 2645, 2647, 2646
586-104|1240|47, 49, 143, 50, 45, 117, 168, 371, 372, 542
587-3472|417|107, 436, 417, 1265, 198, 2582, 2166, 502, 8, 12
588-1811|519, 634, 64|1389, 498, 519, 1505, 703, 728, 1508, 1522, 466, 14
589-149|1030|1030, 49, 47, 65, 372, 45, 794, 52, 2094, 572
590-2525|498, 2519|2519, 498, 144, 29, 2213, 457, 188, 189, 217, 607
591-1035|85, 45, 958, 808|1259, 377, 141, 68, 2785, 42, 666, 378, 1953, 242
592-763|2831, 735, 554, 553|553, 735, 2831, 2830, 659, 511, 988, 48, 670, 1548
593-149|794, 2094, 47|47, 2832, 49, 732, 794, 65, 1030, 1238, 372, 52
594-3910|663|1094, 1434, 737, 85, 835, 836, 545, 1920, 579, 254
595-1788|1094|1094, 1505, 1507, 1114, 65, 20, 1492, 1478, 466, 60
596-3770|2609|2152, 2281, 2609, 2498, 2213, 2698, 2718, 2767, 2640, 2768
597-2033|715, 282, 253, 2607, 2116, 376|282, 35, 2608, 2607, 141, 47, 2153, 388, 253, 1637
598-1578|45, 114, 47, 49|49, 47, 371, 2078, 14, 50, 45, 60, 794, 105
599-242|489, 262|105, 163, 738, 1094, 262, 2684, 489, 149, 14, 582
600-1140|378, 1808, 43|582, 378, 43, 94, 968, 1040, 44, 191, 2568, 192
601-3930|1094|1094, 1389, 2114, 746, 1212, 23, 6, 550, 1347, 961
602-2597|128|965, 1923, 592, 1094, 2836, 32, 1356, 1758, 1916, 361
603-388|484|484, 554, 717, 731, 1676, 189, 735, 2570, 43, 1527
604-681|94, 335, 841, 1201|113, 1094, 701, 335, 6, 1775, 794, 94, 14, 47
605-4200|1358, 3028, 3029, 1943, 2002, 3030, 3031, 3032, 2857, 3033, 3034, 3035, 3036|1943, 2857, 2002, 3031, 3033, 1358, 3032, 3030, 3029, 3028
606-4282|1448, 595, 3059, 1943, 1599, 3022, 2982, 3606, 2634, 1598, 3038, 3024|1943, 2982, 3022, 1448, 1599, 3024, 2634, 3038, 3059, 1598
607-2131|3562, 354|354, 3562, 342, 446, 905, 55, 24, 631, 142, 1111
608-4268|2979, 3019, 1943, 3536, 3537, 3538|1943, 2979, 3019, 3538, 3537, 3536, 2857, 2855, 2860, 303
609-4206|1448, 3059, 1943, 1599, 3022, 3025, 2634, 3024, 3060|1943, 3022, 1448, 1599, 2634, 3024, 3059, 3025, 3060, 2857
610-571|789|2582, 556, 254, 129, 124, 1444, 822, 808, 369, 1354
611-3830|365, 149|365, 188, 1037, 149, 15, 411, 364, 576, 3609, 548
612-527|163, 395, 5|163, 49, 395, 79, 105, 171, 362, 197, 247, 5
613-124|29, 154, 144, 84|47, 49, 94, 144, 188, 1129, 29, 14, 2213, 189
614-3883|3611, 376|3611, 280, 373, 376, 3612, 1672, 1687, 1391, 1569, 660
615-1337|246|47, 246, 403, 1450, 29, 49, 373, 6, 113, 59
616-4299|107, 3613|107, 3613, 8, 225, 2628, 2629, 15, 204, 280, 1293
617-4081|3616, 207|2782, 2781, 3614, 3615, 207, 1424, 2997, 3616, 113, 830
618-750|1094|1094, 65, 528, 738, 2777, 1854, 756, 2784, 485, 14
619-9|36|2837, 528, 2110, 48, 2653, 36, 342, 24, 963, 4
620-4156|213, 2790|213, 2790, 357, 2824, 2827, 2826, 215, 2665, 313, 462
621-2750|1937, 360, 813|965, 1923, 1959, 1937, 2772, 1900, 340, 556, 2148, 750
622-1758|683, 32, 880, 848|254, 880, 1130, 93, 1329, 733, 917, 282, 1461, 45
623-398|644, 1667|1094, 2700, 552, 1923, 79, 482, 40, 154, 1009, 48
624-4081|3615|2782, 2781, 3615, 3614, 207, 1424, 2997, 1449, 3616, 1091
625-1023|3633, 1001, 3634, 3617, 3618, 3619|3620, 3628, 21, 3635, 3634, 3627, 3618, 3621, 3629, 3626
626-1000|79|79, 664, 929, 599, 1443, 895, 1553, 1900, 735, 1300
627-793|432, 588, 589|206, 242, 163, 774, 1418, 432, 64, 14, 588, 759
628-4303|462, 2746|2746, 2741, 117, 2749, 2748, 107, 2804, 462, 2745, 2752
629-697|1667|3612, 1923, 163, 576, 759, 30, 543, 72, 32, 3611
630-823|50, 47, 49|47, 645, 49, 13, 14, 50, 246, 16, 729, 1086
631-1943|3645|903, 905, 1591, 1087, 3644, 3645, 1088, 1060, 707, 13
632-1353|14|14, 50, 247, 2213, 64, 1476, 254, 206, 667, 625
633-623|313, 189|313, 78, 567, 189, 659, 367, 859, 2, 123, 484
634-4310|1094|1094, 2690, 2691, 2145, 2343, 2595, 2834, 2833, 2596, 2070
635-3815|254|254, 124, 239, 26, 42, 1354, 78, 500, 484, 179
636-812|1095|207, 2608, 141, 1104, 2614, 797, 282, 2610, 32, 807
637-3931|154, 528|528, 1094, 2658, 3646, 14, 5, 911, 2837, 713, 1173
638-307|59, 92, 145|396, 419, 454, 446, 224, 280, 107, 455, 62, 64
639-347|3648, 1714, 1100, 278, 2463|1100, 3648, 727, 147, 1094, 1060, 1714, 278, 480, 247
640-1505|59, 794, 114|47, 1130, 213, 224, 114, 2825, 3649, 794, 655, 372
641-3360|224, 1132, 1130, 213, 357, 221|1130, 213, 224, 357, 2825, 426, 3649, 478, 30, 3647
642-620|45, 159, 160, 47, 49|49, 47, 160, 159, 45, 2518, 371, 246, 1899, 21
643-3360|224, 1130, 689, 213, 2825, 426|1130, 213, 224, 2825, 426, 357, 689, 265, 3649, 478
644-189|1181, 3653|3653, 29, 1776, 2213, 2501, 1181, 1199, 1129, 144, 188
645-330|79, 163, 1384, 1688, 1238|49, 47, 79, 14, 1083, 374, 1691, 205, 2, 59
646-2492|239, 378, 15|582, 731, 1543, 2063, 15, 32, 378, 94, 1290, 2570
647-2506|1040, 745, 156, 1808|745, 1673, 1147, 713, 3654, 82, 989, 1543, 1040, 1808
648-1944|1094|1094, 1173, 13, 645, 1100, 3648, 3692, 1854, 3646, 1714
649-2576|6, 13, 926, 676, 1684|2783, 1094, 676, 13, 1907, 1173, 154, 290, 201, 1174
650-1408|144, 1445, 2257|46, 2213, 1129, 2238, 1139, 1773, 1140, 635, 136, 134
651-777|889, 914, 6, 755|6, 746, 36, 890, 889, 888, 2630, 616, 179, 116
652-3908|224, 440, 85, 3656, 308, 528|107, 2629, 1142, 224, 440, 3656, 39, 2628, 632, 549
653-770|3657, 1148|582, 191, 64, 3657, 498, 1148, 721, 188, 1815, 262
654-1023|2773, 1431, 540|3640, 3626, 23, 3639, 103, 811, 3620, 21, 3628, 3634
655-973|517|921, 517, 353, 48, 2756, 1765, 1010, 702, 47, 1037
656-837|298, 207, 237|298, 207, 806, 838, 237, 837, 65, 1608, 1606, 1425
657-1370|2097|1150, 3658, 2104, 1410, 2097, 1916, 717, 906, 1149, 1404
658-335|22|22, 485, 338, 127, 3662, 460, 459, 462, 277, 2808
659-22|2, 3, 638, 6, 77, 259|357, 303, 285, 62, 638, 2, 688, 488, 553, 152
660-115|3674|3674, 49, 59, 1275, 1701, 2773, 47, 163, 181, 5
661-3886|1094|1094, 1601, 2595, 2596, 492, 1958, 1954, 1959, 1962, 1003
662-342|154, 270, 108, 40, 425|40, 108, 425, 494, 708, 213, 47, 462, 458, 206
663-3802|560, 64, 26, 167, 1946|213, 357, 462, 26, 64, 2826, 3675, 2824, 1946, 560
664-4328|107|107, 3613, 2628, 280, 2629, 111, 224, 1293, 204, 22
665-4327|107|107, 3613, 2628, 280, 2629, 111, 224, 1293, 204, 22
666-4328|1240|107, 3613, 2628, 280, 2629, 111, 224, 1293, 204, 22
667-3807|2540, 41, 254, 2228, 138|138, 41, 462, 357, 93, 42, 45, 26, 254, 40
668-4351|462, 213, 89, 357|213, 357, 462, 2824, 2665, 2826, 89, 367, 3676, 2827
669-4357|107, 2665, 41, 64, 26|45, 138, 41, 26, 254, 1130, 2522, 462, 107, 2774
670-434|239|254, 745, 1673, 79, 573, 2213, 1129, 78, 998, 1912
671-398|3677|3677, 552, 40, 79, 482, 154, 48, 1297, 2764, 357
672-4351|462, 2824, 213, 89, 357|213, 357, 462, 2824, 2665, 89, 367, 2826, 3675, 3676
673-4339|45, 6, 570, 3681, 31, 3679, 3683|396, 107, 3678, 3681, 3679, 570, 3683, 419, 422, 1288
674-1853|1094|1094, 163, 638, 432, 582, 1912, 188, 1129, 264, 29
675-4315|3670, 3294|3670, 3294, 338, 3662, 22, 2808, 3661, 3660, 332, 3659
676-4339|107, 45, 462, 6, 570, 3681, 31, 3679, 3683|107, 3681, 3679, 142, 570, 3683, 1179, 239, 3680, 396
677-3319|1123, 1059, 820|582, 189, 319, 1059, 820, 1123, 2150, 1527, 469, 2114
678-1057|32, 641, 30, 1128|32, 641, 82, 30, 482, 167, 258, 189, 365, 378
679-1797|1094|1094, 1389, 2114, 1514, 1513, 319, 189, 582, 1521, 773
680-1601|1094|1094, 986, 48, 1656, 1787, 1037, 1956, 1148, 1955, 1332
681-2333|142, 342, 848, 15|342, 142, 920, 24, 532, 64, 631, 1111, 354, 266
682-4303|107|107, 3643, 3642, 2746, 337, 462, 2804, 2741, 2748, 2749
683-253|29, 277|5, 6, 278, 85, 1023, 29, 49, 46, 103, 461
684-4097|29, 2553, 620, 207, 2361|1094, 2782, 2781, 207, 620, 2553, 2361, 29, 35, 3615
685-3835|1763, 207, 2612|207, 282, 35, 620, 2553, 806, 2361, 3682, 29, 2781
686-3937|107, 1807|1807, 2774, 107, 2665, 280, 204, 64, 156, 2522, 342
687-793|2114, 1389|1389, 2114, 163, 432, 588, 759, 1443, 1130, 224, 213
688-4358|107, 3684|107, 154, 1430, 3681, 3680, 5, 6, 396, 3684, 3679
689-4356|107, 2631, 2632|107, 39, 2632, 2631, 1379, 2629, 85, 2664, 2628, 1902
690-4330|107, 224, 6, 1158, 3685, 1580|107, 396, 3678, 224, 3685, 138, 499, 156, 1230, 1617
691-4347|107|174, 3687, 3689, 3688, 173, 2148, 699, 64, 3686, 3690
692-4348|341, 85, 1664, 279|174, 173, 85, 3687, 1664, 341, 279, 3688, 2148, 226
693-9|36|463, 26, 815, 713, 36, 354, 24, 963, 4, 2114
694-1872|474|795, 63, 670, 1548, 735, 2831, 2830, 79, 1094, 52
695-292|10, 12, 430, 26|2775, 254, 390, 26, 64, 430, 93, 10, 12, 45
696-4047|193, 1130, 221|1130, 174, 173, 213, 224, 3647, 478, 357, 3687, 2825
697-1944|1094|1094, 1173, 13, 240, 645, 1100, 3648, 1854, 3692, 3646
698-4334|107|107, 396, 3678, 224, 1230, 221, 48, 49, 3685, 1617
699-4148|107|1094, 107, 2145, 3613, 2628, 2629, 2690, 2691, 204, 2343
700-4134|29, 338, 1211, 1192, 1193|338, 22, 3662, 2803, 2808, 2805, 1193, 3670, 29, 3692
701-3878|247, 1129|247, 1129, 14, 5, 188, 1060, 385, 1862, 904, 2
702-242|3693, 239, 3692, 461, 14, 1534, 717, 189|105, 3692, 189, 14, 149, 717, 582, 970, 392, 461
703-4358|107, 18, 6, 5, 1238|107, 85, 489, 31, 3680, 642, 395, 5, 1430, 3684
704-4358|107, 794, 18, 42, 5, 1238|107, 85, 489, 3680, 31, 1430, 154, 570, 559, 2654
705-4298|107|107, 3613, 8, 2628, 2629, 225, 280, 204, 111, 1293
706-3810|2539, 188|113, 52, 1037, 794, 2539, 15, 3609, 79, 2775, 406
707-4329|2665, 2826, 213, 357|213, 357, 462, 2826, 2665, 2824, 2827, 3675, 89, 367
708-4337|107, 101|107, 396, 142, 3678, 239, 3680, 3681, 3679, 1179, 2131
