0-3909|2, 3, 353, 335, 396|2, 1589, 29, 94, 23, 138, 6, 5, 45, 85
1-570|45, 462, 280, 466, 634, 467, 40|280, 40, 107, 45, 462, 467, 466, 154, 111, 226
2-174|73, 1254, 472|73, 254, 470, 469, 472, 471, 149, 62, 171, 188
3-5|459, 462, 460, 0, 22|460, 462, 459, 6, 22, 332, 21, 3660, 336, 20
4-314|107, 462, 468, 40|107, 40, 45, 462, 468, 280, 467, 68, 6, 49
5-1662|1886, 13|107, 14, 13, 49, 295, 645, 171, 1886, 1060, 40
6-124|409|14, 144, 1129, 188, 29, 2213, 189, 1870, 582, 1037
7-1889|695, 696, 52, 697|52, 697, 696, 695, 713, 1540
8-430|698|698, 49, 106, 141, 68, 107, 47, 1545, 1631, 122
9-1016|247, 482, 704|645, 349, 941, 40, 926, 247, 746, 6, 700, 621
10-364|85, 102, 5, 6, 14, 760, 322, 761, 528, 771, 772, 529, 762|6, 5, 14, 85, 761, 529, 322, 762, 760, 528
11-7|8, 87, 25|773, 8, 373, 25, 129, 685, 27, 26, 24, 87
12-1238|775, 463|463, 775, 776, 26, 713, 1111, 1112
13-1438|14, 529|130, 582, 32, 14, 188, 767, 1094, 475, 1203, 1183
14-1262|616, 339, 354, 484, 820, 464|49, 47, 35, 372, 354, 616, 221, 189, 116, 3692
15-1149|446, 47|47, 49, 446, 45, 342, 1040, 1049, 52, 35, 865
16-1490|1210|342, 1210, 517, 634, 503, 1514, 239, 1205, 903, 919
17-69|784, 45, 785, 225, 254, 29, 778, 786, 787, 83, 788, 170, 372, 789, 791, 717, 128|49, 45, 254, 372, 778, 128, 717, 791, 789, 170
18-808|793, 128|128, 793, 870, 46, 130, 368, 582, 189, 1004
19-1936|18, 79|79, 362, 347, 2, 144, 29, 113, 189, 582, 319
20-4116|1173, 189|735, 65, 6, 1094, 1100, 94, 500, 1015, 943, 247
21-3508|957|35, 402, 156, 1015, 937, 957, 936, 305, 935, 952
22-109|6|797, 958, 248, 141, 5, 6, 1060, 207, 401, 645
23-271|254, 42|85, 791, 32, 733, 15, 254, 42, 26, 153, 377
24-233|59, 369, 246, 370, 371, 376, 79, 372, 47, 373, 374, 375, 49|85, 47, 49, 372, 45, 6, 5, 126, 103, 402
25-3785|2094|618, 946, 735, 27, 567, 222, 88, 659, 2468
26-2493|963, 736|731, 227, 582, 1808, 378, 547, 405, 970, 982, 31
27-1057|1003, 641, 484, 655|82, 189, 32, 167, 30, 641, 482, 258, 79, 655
28-726|730, 1031|49, 114, 1243, 730, 163, 1037, 1245, 1094, 1631, 1912
29-3911|107, 595, 2551|206, 47, 2551, 595, 107, 1036, 35, 1032, 1034, 596
30-870|869, 85, 596, 1035, 68|37, 1035, 869, 596, 68, 85, 49, 371, 35, 47
31-484|1040, 611, 602|968, 1040, 14, 1042, 44, 602, 5, 6, 32, 30
32-1209|141, 247|247, 254, 246, 45, 6, 1044, 127, 266, 14, 106
33-857|793, 857|857, 903, 1045, 1046, 47, 49, 68, 856, 855, 14
34-1904|242, 863, 23|47, 1049, 863, 242, 1716, 1715, 713, 23, 246, 446
35-1232|367, 308|402, 1051, 1079, 952, 128, 728, 112, 32, 198, 1053
36-217|355, 122, 246, 35, 356, 357|1040, 246, 93, 213, 1054, 252, 1056, 1055, 298, 47
37-2082|721, 206, 397, 5|163, 5, 206, 583, 397, 64, 35, 171, 553, 1060
38-1542|305, 522|305, 1068, 936, 1067, 952, 1065, 1064, 445, 106, 875
39-1187|863, 91|91, 45, 242, 68, 254, 794, 469, 1556, 26, 52
40-722|1085, 1101, 707|1085, 707, 913, 5, 14, 208, 1094, 171, 2134, 103
41-656|282, 353|698, 282, 1104, 1103, 353
42-2087|107, 1121, 542, 47, 5, 49|128, 49, 542, 47, 113, 5, 64, 1044, 254, 876
43-2472|715, 1835, 806, 1837|252, 893, 418, 6, 1597, 1837, 1836, 207, 35, 620
44-1985|654|717, 26, 970, 3696, 1399, 3692, 1616, 752, 6, 5
45-1770|247, 1060, 939|206, 247, 1148, 926, 14, 130, 5, 84, 31, 29
46-801|582, 1183|1183, 582, 965, 1309, 1094, 245, 551, 189, 319, 1292
47-212|343, 348, 85, 154, 2567, 1185, 147, 970, 64, 422, 296, 1190, 22|970, 22, 343, 1185, 344, 342, 341, 147, 189, 50
48-233|47, 353|47, 49, 92, 353, 242, 67, 374, 114, 23, 78
49-1422|172, 672, 4, 5|672, 183, 4, 1297, 645, 608, 5, 172, 1060
50-526|247, 621|14, 47, 189, 247, 621, 359, 578, 1195, 5, 85
51-602|1197|1197, 47, 717, 423, 1218, 360, 1217, 50, 49, 253
52-4083|2553, 467|3615, 2782, 2781, 715, 207, 1199, 103, 47, 6, 654
53-14|114, 1200, 609, 49|1200, 49, 246, 408, 247, 665, 48, 47, 46, 242
54-83|567|488, 858, 567, 126, 45, 49, 35, 47, 153, 511
55-1289|141, 45, 733, 242, 167|242, 68, 800, 45, 1046, 342, 6, 614, 1201, 446
56-653|14, 22|22, 227, 40, 84, 170, 582, 363, 698, 111, 64
57-1477|1202|1202, 1923
58-1189|1077, 282, 342, 45, 32|35, 179, 207, 1077, 1383, 282, 45, 342, 2618, 1763
59-109|645|1208, 645, 5, 6, 1060, 14, 2213, 926, 311, 142
60-2661|179|340, 1923, 2699, 2695, 254, 45
61-1222|707, 217, 1893, 1102, 110|14, 1102, 517, 5, 425, 707, 645, 898, 1891, 245
62-2076|117, 107, 83, 79, 47, 68, 49|45, 655, 246, 79, 163, 17, 59, 47, 1235, 49
63-3503|1053|1053, 826, 605, 354, 302, 32, 64, 339, 258, 508
64-1866|898, 706, 1543, 717|1003, 1246, 1758, 2836, 592, 1543, 943, 655, 898, 906
65-1542|1068, 305, 936|1251, 39, 305, 1068, 875, 723, 936, 1063, 1250, 206
66-361|61, 1689|47, 61, 114, 6, 1427, 63, 45, 72, 524, 49
67-456|79, 84, 278|85, 79, 21, 84, 538, 655, 368, 1634, 1704, 1682
68-632|106, 305, 936|305, 106, 936, 952, 1260, 684, 163, 685
69-407|50, 51, 487, 1074, 5|189, 5, 487, 52, 50, 580, 794, 51, 124, 412
70-3875|239, 249, 14, 1678|2579, 111, 305, 107, 483, 480, 64, 125, 1068, 952
71-607|62, 1266, 560, 1268, 311|1265, 560, 2, 512, 1266, 1268, 311, 14, 297, 102
72-1370|271, 1274, 225, 963, 812, 500, 273, 1150, 1181|1150, 717, 6, 5, 171, 812, 225, 1274, 906, 1404
73-1966|1285, 1281, 1284, 1280, 1283, 396|1283, 1280, 396, 1284, 1285, 153, 1282, 1281, 1279, 655
74-4039|1286|1286, 2749, 2741, 184, 1110
75-2467|1368, 1588, 1292, 1294|1292, 582, 1294, 1307, 1588, 1833, 1457, 1368, 1675, 1289
76-918|687|517, 371, 266, 1485, 354, 342, 208, 6, 704, 608
77-3340|426, 388, 1332, 553|426, 32, 553, 1094, 1956, 1038, 184, 289, 201, 48
78-984|1207, 768, 85, 198|768, 198, 5, 1883, 240, 14, 645, 13, 6, 85
79-381|117, 79, 213, 357, 457|357, 213, 117, 79, 40, 84, 1297, 1809, 318, 1807
80-1028|41, 39, 5, 6|39, 206, 242, 933, 65, 6, 5, 41, 26, 963
81-1527|141, 45, 254, 1426|68, 219, 1255, 93, 254, 385, 45, 11, 121, 85
82-110|50, 51, 52, 175|52, 49, 175, 65, 372, 35, 6, 5, 323, 671
83-1105|1339, 1337, 1023, 13|1337, 13, 1023, 1339, 6, 5, 14, 383, 1802, 1604
84-1475|1341, 188, 22|1341, 22, 582, 2630, 40, 84, 14, 13, 188, 6
85-2443|1811, 582, 703, 655, 1534|582, 655, 1811, 645, 412, 1809, 651, 1807, 414, 32
86-268|49|768, 1147, 49, 5, 1347, 47, 1037, 63, 2, 144
87-1641|254, 604, 556, 1219, 26, 42, 1259, 124|26, 1259, 170, 239, 1427, 319, 1355, 254, 1353, 1348
88-323|65, 84, 40|79, 40, 41, 65, 84, 14, 1148, 721, 479, 478
89-2531|498|1350, 98, 939, 113, 262, 86, 1090, 1352, 105, 14
90-3948|239, 324, 855|1353, 1094, 170, 379, 254, 464, 106, 377, 29, 67
91-427|106, 1077, 1060, 1201|247, 171, 47, 246, 45, 49, 5, 1077, 130, 6
92-3302|1240|965, 1387, 342, 1094, 517, 815, 1389, 892, 1347, 1388
93-1744|354|833, 29, 1390, 449, 6, 189, 2829, 917, 335, 354
94-3884|117, 2, 1392, 6, 1393, 1212, 756, 5, 660, 746|3611, 280, 348, 1391, 5, 14, 1393, 1392, 746, 223
95-1145|6, 1099, 5, 418|645, 49, 47, 35, 1048, 715, 926, 1798, 2671, 6
96-3948|401, 298, 239, 103, 85, 962, 2977|1094, 298, 401, 85, 103, 1199, 1395, 579, 1396, 1394
97-388|30, 32|717, 32, 824, 273, 1274, 271, 189, 735, 482, 500
98-780|247, 1397, 645, 14|645, 1397, 618, 14, 13, 189, 3694, 267, 461, 3692
99-1953|1398|116, 354, 1398, 221, 189, 3697, 3692, 616, 1400, 207
100-1424|1401, 323, 5, 6|1401, 311, 323, 14, 6, 5, 1094, 1060, 264, 263
101-2402|181|1345, 106, 512, 1323, 113, 1099, 50, 117, 669, 1407
102-2027|1416, 60, 774, 206, 1419, 1413|206, 1416, 774, 256, 1415, 64, 39, 1266, 654, 223
103-2015|342, 38|5, 6, 64, 253, 35, 1608, 1606, 1039, 388, 23
104-804|748, 1437, 339|1187, 1437, 339, 603, 1435, 1433, 32, 1470, 1469, 1468
105-3882|1440, 107|98, 14, 1439, 717, 286, 970, 267, 1399, 461, 3692
106-460|432, 588, 589|1443, 1442, 589, 588, 432, 1444, 966, 72, 339, 2213
107-2486|1448, 1762|1453, 1434, 1844, 1435, 1845, 1454, 60, 1129, 126, 45
108-1282|565|903, 565, 1556, 811, 794, 641, 1108, 266, 902, 290
109-1210|1080, 107, 952, 1462, 1091, 14, 1460, 1466, 1092, 1067|952, 1459, 107, 1067, 1462, 1460, 1080, 186, 1092, 1081
110-804|1469|1470, 1468, 1435, 1469, 1158, 704, 1433, 32, 1467, 1318
111-1360|1580, 1144|13, 1144, 5, 6, 1136, 14, 1471, 189, 1473, 587
112-1541|137, 2, 935, 1475, 6, 305, 111, 98, 936|305, 111, 1475, 935, 936, 172, 98, 6, 1962, 2
113-3331|231, 14, 898|14, 1094, 898, 231, 49, 48, 47, 46, 1477, 1476
114-816|340, 810, 32|340, 112, 169, 128, 517, 353, 628, 32, 810, 781
115-934|1510|1485, 527, 1489, 965, 898, 1503, 1389, 2114, 906, 1536
116-971|903|863, 903, 98, 290, 1105, 219, 1045, 820
117-1597|114, 188, 47, 49|79, 47, 49, 1331, 17, 246, 163, 176, 94, 409
118-845|845|845, 47, 5, 810
119-407|1797, 52, 557, 5|580, 424, 1524, 52, 5, 50, 487, 470, 1074, 1129
120-1583|1526, 133|47, 1526, 2519, 498, 116, 2, 1312, 1313, 29, 1027
121-1571|64, 6|6, 1781, 64, 1099, 39, 674, 893, 717, 582, 171
122-205|21, 64, 155|64, 22, 42, 325, 155, 21, 20, 107, 291, 1528
123-850|50, 142, 14|50, 14, 156, 65, 142, 242, 29, 846, 849, 848
124-639|59, 499, 49|49, 45, 499, 126, 47, 50, 6, 1776, 1775, 1077
125-1873|1900, 63, 32, 26|63, 32, 1094, 179, 1531, 79, 378, 144, 29, 992
126-719|241, 13, 1060|1060, 14, 13, 241, 16, 707, 1032, 593, 624, 247
127-4161|1037, 1267, 1032|102, 1540, 582, 3674, 1238, 2832, 264, 186, 117, 1532
128-256|725|14, 1094, 22, 336, 49, 1551, 372, 735, 926, 517
129-615|673|673, 1553, 1300, 920, 659, 618, 342, 1338, 1292, 32
130-948|903, 266|903, 917, 266, 897, 15, 342, 1555, 1554, 180, 634
131-385|94, 419|94, 79, 543
132-3564|107, 1557, 1564, 1099, 498, 1566|498, 94, 1564, 1558, 1557, 1099, 47, 703, 1566, 634
133-1914|835, 2801|835, 1199, 620, 910, 2617, 344
134-1255|1547, 1347|863, 1389, 2114, 1109, 961, 1347, 242, 228, 1569, 354
135-938|915|1045, 915, 2189, 299, 565, 737, 634, 1293, 712, 1266
136-1421|1582, 645, 939|1582, 939, 5, 6, 645, 14, 85, 31, 39, 717
137-1188|93|388, 93, 254, 881, 64, 49, 2, 1157, 246, 794
138-396|29, 337, 313|618, 932, 335, 1590, 595, 1434, 409, 644, 13, 1148
139-4302|3642, 1352, 3643|3643, 3642, 13, 337, 107, 224, 645, 1110, 920, 659
140-448|49, 1050, 1382, 79, 388|49, 79, 59, 47, 1382, 388, 247, 114, 38, 1050
141-1193|1595|14, 141, 5, 167, 1597, 402, 728, 369, 1595, 198
142-4054|282, 620, 2621, 2607, 1942, 1157|354, 2840, 2663, 620, 39, 654, 1099, 1390, 1600, 974
143-4352|8, 685|1259, 1354, 615, 666, 8
144-1147|774, 206|863, 50, 228, 206, 39, 1266, 774, 223, 181, 1346
145-1023|72, 1406, 98, 221|98, 3620, 5, 3640, 3635, 3634, 3627, 3626, 21, 3618
146-1546|1283|1283, 1280, 1281, 1053, 32, 2108, 2107, 733, 117, 396
147-1517|208|208, 796, 1389, 2114, 52, 1697, 1694, 369, 5, 986
148-1704|112, 14|14, 645, 673, 113, 514, 676, 1753, 587, 286, 1060
149-1777|29, 85|1094, 1471, 1386, 1079, 486, 891, 98, 1385, 302, 1603
150-804|45|833, 1370, 1435, 32, 402, 1079, 68, 806, 1026, 920
151-3508|1613, 1604, 85, 649, 402, 35, 103|45, 35, 402, 156, 1015, 13, 1337, 254, 1605, 252
152-2028|1606, 466, 1610, 1608, 1029|1608, 1606, 1425, 1610, 282, 1029, 1613, 466, 1630, 39
153-435|2151, 47, 68|654, 1629, 64, 206, 1077, 47, 45, 49, 253, 46
154-3457|107, 1606, 253, 1608, 1425|1608, 1606, 1425, 1610, 45, 103, 85, 800, 298, 342
155-525|107, 1631, 1090, 47, 49|1631, 49, 1090, 14, 47, 1698, 542, 620, 497, 113
156-1344|1649, 135, 47|135, 47, 2688, 1125, 876, 32, 1649, 1644, 791, 1645
157-66|123, 311, 20, 366, 278, 21, 64, 127, 124, 22|127, 22, 64, 21, 20, 123, 0, 311, 396, 2809
158-2044|6|6, 14, 977, 1647
159-2094|193, 1717, 177|1763, 1762, 177, 858, 85, 49, 808, 40, 264, 763
160-1607|188, 189|5, 206, 31, 188, 144, 29, 2, 189, 79, 986
161-1285|335|254, 748, 1425, 124, 45, 546, 1354, 1117, 170, 1356
162-222|85, 726, 14, 361|254, 45, 717, 1137, 85, 645, 361, 29, 704, 1094
163-1921|341, 154, 1665, 40, 344|1665, 644, 2, 835, 188, 94, 308, 1664, 1663, 195
164-1384|485, 206, 1666, 105, 1236|1666, 206, 1236, 571, 570, 1145, 1183, 582, 732, 32
165-3566|128|764, 1667, 706, 567, 189, 717, 425, 917, 461, 335
166-829|803|112, 803, 806, 354, 802, 782, 353, 517, 153
167-3875|239, 249, 14, 1678, 936|2579, 409, 1678, 644, 186, 354, 511, 79, 40, 405
168-156|171, 94, 41, 206, 1706|94, 113, 206, 5, 397, 48, 572, 645, 79, 163
169-1216|1714, 1081, 1713, 1466|1466, 1092, 1081, 1096, 221, 47, 15, 32, 107, 52
170-1097|715, 852, 39, 206, 645, 1715, 1252, 5|1715, 5, 206, 39, 645, 715, 1067, 1060, 723, 852
171-868|400, 1621, 47|47, 371, 45, 1717, 1720, 1719, 6, 2, 50, 142
172-168|6, 5|707, 5, 6, 645, 85, 898, 618, 189, 14, 13
173-471|546|546, 126, 45, 49, 47, 371, 511, 102, 542
174-2369|142, 342|342, 142, 446, 905, 815, 1111, 231, 1275, 232, 776
175-2378|1755, 1751, 1347|1751, 1347, 768, 2682, 1761, 1752, 1750, 1754, 1755, 1753
176-2343|239, 659|659, 239, 342, 898, 142, 446, 905, 1111, 1275, 920
177-2182|1111, 1757|1111, 342, 776, 673, 631, 1275, 815, 142, 446, 24
178-2362|1755, 1761|1347, 1751, 1761, 2682, 768, 14, 507, 251, 1755, 247
179-3319|810, 582|806, 805, 582, 2150, 189, 319, 832, 32, 239
180-3819|1590, 976|1764, 968, 2545, 2544, 1453, 1445, 976, 1768, 1767, 63
181-890|50, 228, 713, 879, 887, 1426|228, 879, 887, 50, 895, 1300, 905, 673, 888, 909
182-2412|354, 1099, 237|1099, 237, 354, 2224, 113, 1129, 1777, 49, 2, 158
183-895|659, 1787|498, 325, 702, 342, 582, 1037, 1786, 188, 732, 1291
184-4352|1790|52, 1790, 1265, 713, 113
185-2394|107, 595, 869, 1791, 2296, 455, 843, 1036, 47|1036, 596, 595, 107, 35, 843, 1791, 869, 49, 1773
186-1891|246|246, 47, 298, 1796, 1394, 1590, 1434, 49, 794, 35
187-651|52, 308|52, 47, 14, 92, 2680, 787, 697, 696, 695, 50
188-2059|764, 1267, 567, 1800, 1801, 1667, 706|567, 1800, 706, 764, 1667, 65, 1801, 1267, 1671, 325
189-2425|239, 446, 1789, 1210|1789, 1210, 659, 342, 446, 57, 905, 511, 491, 759
190-135|62, 1762, 638, 409|6, 62, 122, 2104, 1691, 3658, 1094, 63, 2, 47
191-161|1803, 781, 217, 240, 241, 13, 54|240, 13, 14, 1803, 241, 49, 1028, 6, 106, 5
192-551|206|47, 45, 206, 645, 397, 5, 14, 1805, 50, 163
193-4159|1558|746, 649, 863, 1558, 891, 298, 103, 446, 801, 187
194-29|141, 79, 1808, 42|1808, 49, 79, 68, 72, 74, 26, 76, 67, 42
195-3532|141|1602, 68, 298, 103, 1818, 1817, 1346, 1016, 248, 1426
196-2459|1821, 1207, 1820|52, 1819, 1822, 1820, 1821, 1207, 1240, 1426
197-1968|52|1240, 52, 1822, 1207, 6, 2, 50, 1819, 1820, 1426
198-4353|117, 306, 971, 84, 64|306, 117, 171, 47, 1060, 49, 1828, 1831, 59, 1830
199-4353|214, 971, 405, 84, 64|45, 6, 15, 171, 599, 501, 47, 126, 306, 2
200-245|120, 88, 140|1675, 2577, 117, 396, 140, 120
201-1561|1833, 550, 1298, 1294|1833, 1299, 1298, 1297, 1296, 1293, 107, 1294, 1588, 1307
202-4354|1434, 1590, 836, 2634|35, 1838, 1836, 389, 207, 970, 574, 1130, 838, 1840
203-1989|45, 342, 35, 654, 2382, 68|35, 253, 68, 654, 1836, 970, 353, 1841, 206, 1199
204-2488|1448, 1845|1435, 1845, 858, 177, 1434, 763, 1448, 1453, 1766, 1844
205-3599|1450, 113|1434, 858, 753, 1453, 113, 2235, 1129, 2213, 488, 353
206-758|378, 1808, 582|1808, 582, 1849, 94, 732, 239, 484, 189, 721, 482
207-17|14, 49|59, 45, 49, 163, 17, 629, 38, 1196, 14, 247
208-2486|1344|1453, 1434, 1844, 1435, 1845, 1766, 631, 1344, 48, 49
209-2055|64, 596, 29, 858, 335, 64, 250, 64|858, 60, 2593, 1659, 64, 6, 611, 441, 12, 1852
210-341|50, 51, 493|51, 50, 493, 144, 500, 1853, 29, 79, 175, 623
211-234|377, 378, 254, 1854|377, 1854, 153, 254, 26, 379, 65, 1353, 380, 49
212-3889|1828, 1129, 1855, 149|149, 1888, 2599, 1330, 2600, 208, 1147, 713, 745, 1855
213-1773|254|254, 808, 124, 1009, 313, 388, 1860, 560, 1859, 469
214-3122|669|965, 2777, 2692, 669, 62, 1523, 80, 308, 377, 26
215-2983|732, 582, 1862, 470|1676, 965, 14, 1094, 1869, 1868, 553, 65, 470, 512
216-1461|1554, 666, 556, 32, 365, 1043, 632|35, 470, 2601, 582, 576, 1183, 188, 186, 107, 49
217-1601|48, 1667|1956, 1955, 1148, 1787, 1037, 48, 1656, 986, 1332, 509
218-2398|1077, 219, 114, 1769, 47, 49|47, 1077, 49, 1769, 114, 35, 219, 45, 26, 1798
219-404|963, 1878, 404|963, 404, 645, 1878, 1870, 221, 66, 479, 6, 40
220-4160|654, 1881, 1447|449, 466, 2061, 1796, 338, 1882, 1881, 654, 1880, 339
221-3329|1884, 1650, 1173|1173, 1884, 1650, 756, 1060, 13, 240, 1885, 2, 1576
222-3880|153, 11|2594, 1434, 1060, 1343, 13, 144, 206, 256, 39, 774
223-1421|1892, 6, 939, 5|6, 1892, 5, 939, 245, 13, 1891, 14, 85, 39
224-3574|935, 60, 68, 1897, 91|60, 1897, 935, 389, 2577, 106, 1029, 1610, 26, 45
225-3837|1939, 94|512, 808, 254, 35, 206, 2676, 47, 38, 389, 353
226-694|638, 3610, 3609|357, 213, 117, 62, 713, 149, 638, 3610, 712, 3609
227-61|60, 29, 1898, 372|60, 29, 47, 59, 372, 1898, 79, 692, 49, 42
228-3876|1930, 436, 46|645, 512, 638, 1077, 5, 707, 1079, 1899, 1629, 39
229-2082|206, 5|254, 5, 206, 397, 78, 40, 1050, 638, 62, 93
230-3530|1270|1094, 1270, 913, 2128, 239, 208, 5, 198, 103, 1052
231-1467|794, 1196, 38, 47|47, 1196, 59, 38, 794, 50, 137, 508, 1382, 45
232-156|711, 206, 40, 397, 5|206, 5, 397, 48, 41, 645, 572, 163, 79, 3691
233-2582|1909|1909
234-65|122, 600, 2513, 54|206, 39, 122, 117, 121, 1032, 107, 1911, 1060, 201
235-1402|939|546, 49, 939, 206, 1060, 14, 6, 5, 4, 117
236-4352|685, 713, 1914|1912, 1129, 1093, 1914, 163, 246, 60, 739, 63, 62
237-1644|370|179, 1448, 1915, 47, 170, 169, 370, 791, 1646, 1645
238-1778|707, 1472, 1917|264, 14, 1916, 5, 6, 906, 707, 1917, 85, 717
239-347|14|22, 727, 14, 266, 85, 1094, 634, 247, 728, 510
240-1560|889, 6, 5|645, 119, 94, 1148, 5, 1275, 342, 6, 545, 1920
241-640|50, 85, 39, 103|103, 85, 39, 5, 645, 948, 1576, 382, 970, 4
242-2821|1933|1923, 1932, 1933, 965, 72, 1937, 824, 1936, 1935, 1934
243-116|342, 1629|1060, 39, 64, 45, 1629, 469, 14, 517, 945, 254
244-3822|736|736, 815, 1293, 2577, 171, 281
245-3312|1940, 1942, 654, 1938|1938, 654, 179, 1942, 1941, 1940, 1939
246-3311|1940, 1941, 179, 1938|1938, 179, 1939, 798, 1943, 1942, 1941, 1940
247-3310|179, 1938|1938, 179, 1939, 654, 798, 1943
248-3267|32, 32, 824, 824, 1934, 1936, 1935|1935, 1934, 32, 824, 1933, 1936, 813
249-4160|2061, 466, 449|49, 449, 466, 2061, 45, 126, 371, 47, 356, 14
250-2933|965|965, 1933, 824, 1936, 1935, 1934, 32, 72, 1937, 1923
251-1625|590|1345, 117, 582, 5, 1194, 676, 14, 13, 6, 1944
252-1531|335|1259, 189, 250, 42, 26, 12, 10, 666, 179, 1657
253-781|713, 1799|198, 3609, 746, 749, 6, 1326, 1945, 78, 42, 469
254-1498|319, 582, 189|189, 582, 319, 2213, 2349, 2124, 2348, 1367, 412, 1132
255-751|240|240, 1094, 163, 668, 1808, 628, 5, 1406, 6, 1256
256-1790|1957, 1956|1148, 1864, 2568, 84, 2569, 191, 1487, 1499, 1331, 47
257-2473|3500, 35, 3622|35, 2676, 636, 2618, 181, 1836, 970, 38, 1840, 1038
258-3448|2056, 2057, 1971, 2029|2029, 1971, 2057, 2056, 2025, 2026, 2043, 1970, 1983, 2051
259-3430|1971, 2012|1971, 2006, 654, 899, 2008, 2010, 818, 737, 1221, 1431
260-3370|1969, 1970|1970, 1969, 1971, 103, 1976, 1620, 1079, 1983, 1974, 565
261-661|85, 32, 1988|1988, 402, 103, 1970, 1394, 1079, 575, 1396, 775, 1891
262-3787|98|668, 1808, 892, 490, 14, 98, 466, 163, 52, 240
263-837|32, 237|837, 838, 806, 237, 65, 298, 418, 103, 85, 207
264-3427|179|85, 32, 1983, 179, 1970, 256, 21, 490, 156, 1620
265-3357|1864|1864, 64, 191, 2158, 2568, 192, 2569, 1966
266-1434|107|1094, 1182, 462, 140, 14, 47, 6, 5, 868, 638
267-1416|2077, 14|14, 1145, 1094, 1087, 247, 49, 39, 2078, 105, 392
268-169|369|254, 1259, 369, 390, 26, 189, 1923, 1425, 12, 10
269-1629|154|364, 768, 1347, 1147, 769, 1752
270-1517|794, 198, 1420, 1697|436, 796, 1389, 2114, 198, 1697, 52, 1694, 92, 8
271-3476|2080|2080, 2082, 2079
272-3474|2082, 2080|2080, 2081, 2082, 2079
273-3474|2082, 2080|2080, 2081, 2082, 2079
274-234|469, 2083, 42|469, 2083, 254, 471, 153, 379, 65, 1353, 380, 377
275-2803|248, 1710, 1747|1923, 254, 1403, 414, 666, 533, 64, 1783, 1657, 26
276-3476|198, 2080|2080, 2082, 2081, 2084, 167, 198
277-269|6, 5|5, 6, 49, 181, 47, 64, 21, 20, 107, 111
278-2406|595, 35|595, 35, 47, 596, 1077, 2382, 1096, 418, 600, 6
279-276|106, 62, 107, 410, 2, 4, 122, 408, 523, 188, 477, 49|49, 107, 523, 117, 122, 47, 408, 4, 188, 45
280-1381|208, 2469|208, 47, 48, 49, 596, 1137, 542, 363, 917, 180
281-1857|175|794, 175, 623, 1271, 796, 795, 1118, 1549, 52, 1441
282-2575|188|2098, 478, 189, 188, 929, 144, 29
283-490|87|469, 14, 42, 1857, 471, 93, 107, 106, 1060, 252
284-1721|29, 1009, 254|72, 2099, 214, 254, 851, 217, 902, 2, 1299, 295
285-3312|1450, 35, 1942, 654, 1394, 2850|2100, 2103, 1938, 654, 179, 1942, 1941, 1940, 1939, 2104
286-3817|596, 46, 2542|1689, 2542, 1347, 46, 1696, 596, 1096, 1129, 2106, 1079
287-533|45|49, 47, 426, 163, 45, 609, 5, 395, 59, 65
288-1508|826|826, 1053, 302, 605
289-3470|1761|1761, 768, 1760, 1347, 2200, 1751, 1755
290-1966|117, 2107, 1281, 2108, 1283|1283, 2107, 2108, 117, 153, 181, 1053, 32, 733
291-2069|172, 45, 29, 463, 683, 1347, 1059, 73, 103, 179, 5|1678, 240, 2627, 672, 186, 181, 690, 293, 461, 217
292-2090|1420|62, 1420, 206, 198, 1717, 50, 8, 6, 1715, 39
293-1788|1114|15, 2111, 20, 65, 1114, 1507, 1505, 819, 916, 815
294-3459|35, 1366, 5|35, 5, 39, 184, 715, 1423, 1010, 517, 24, 1606
295-1805|2, 79, 113|144, 79, 582, 189, 319, 1517, 1491, 1492, 78, 29
296-3874|359|423, 246, 359, 49, 47, 2072, 1823, 2579, 942, 1320
297-2432|1457, 3, 57, 15, 1747|57, 1457, 1747, 15, 491, 485, 3, 56, 759, 1253
298-110|1094|85, 52, 800, 175, 65, 1121, 1127, 221, 702, 717
299-3855|2117, 304|304, 2117, 2801, 242, 2565, 280, 2566
300-1297|902, 217, 2118, 2119, 32|2119, 2118, 217, 1124, 800, 1094, 1954, 1577, 874, 94
301-1319|1277|42, 655, 582, 732, 340, 94, 1122, 1324, 62, 65
302-71|1631|1631, 47, 131, 130, 133, 132, 659, 396, 279, 122
303-2063|659, 313, 660|660, 313, 659, 1923, 1671, 1670, 1669, 764, 189, 84
304-3873|171, 2096|2127, 2129, 1389, 2114, 1094, 2096, 1537, 1210, 2130, 532
305-3531|2132, 2133, 179|179, 2133, 2132
306-1061|239, 999, 582, 1000, 813|817, 239, 582, 49, 47, 1365, 94, 245, 189, 319
307-3229|110|717, 965, 5, 26
308-4353|2, 971|5, 49, 47, 254, 45, 6, 68, 105, 638, 436
309-2101|64, 1111, 142, 342, 1724|342, 142, 1111, 1724, 64, 266, 1275, 898, 1547, 903
310-878|247|1127, 35, 728, 94, 402, 2754, 1094, 2176, 717, 254
311-3808|93|93, 1094, 45, 138, 41, 395, 63, 42, 163, 531
312-3504|206, 2146|2146, 206, 2109, 92
313-3801|1946|42, 2126, 1946, 142, 68, 1427, 2687, 93, 26, 179
314-1682|49|6, 418, 1597, 654, 122, 49, 126, 17, 45, 117
315-502|1145|14, 32, 478, 1698, 65, 94, 266, 256, 85, 625
316-2512|1009, 1620|1620, 64, 40, 192, 191, 1009, 266, 335, 103, 85
317-2023|2117, 304|1610, 2117, 304, 1627, 1620, 1608, 1606, 141, 1630, 228
318-1915|469, 436, 2151|469, 2151, 2150, 12, 6, 112, 502, 436, 835, 1060
319-1100|906, 527|527, 906, 2213, 1129, 1019, 1018
320-806|801|854, 826, 782, 779, 68, 801, 2152, 6, 418, 2153
321-1952|1597|207, 1597, 1394, 654, 801, 32
322-187|1094|1094, 1540, 6, 5, 267, 264, 263, 186, 118, 106
323-2058|195, 1664|45, 94, 1094, 308, 1665, 1664, 1663, 195, 50, 47
324-1943|905|1300, 1591, 903, 905, 1553, 189, 618, 673
325-65|2513|704, 49, 45, 122, 2157, 1662, 117, 2, 121, 107
326-810|826|826, 803, 782, 779
327-2520|93|93, 254, 45, 26, 64, 621, 555, 2158
328-4159|102, 2160, 2161, 2164|2161, 2166, 746, 649, 2160, 2163, 2164, 2171, 181, 2162
329-2868|2172|2181, 965, 2172, 2182, 2179, 2175, 2174, 2173, 2176, 496
330-1673|645, 978, 14|645, 1060, 1397, 618, 1453, 14, 978, 2197, 1181, 1015
331-428|50, 126, 511, 246|49, 122, 35, 408, 63, 313, 948, 391, 126, 45
332-388|32, 717|14, 31, 6, 85, 565, 105, 189, 735, 717, 482
333-68|125, 122, 22|22, 64, 122, 21, 286, 296, 117, 149, 20, 127
334-2481|402, 38|2155, 253, 228, 38, 402, 662, 1199, 1038, 35, 298
335-3579|79|79, 664, 52, 68, 2198, 42, 179, 72, 2207
336-3547|1610, 1029|1610, 1029, 2605, 228, 68, 2585, 2584
337-2361|1752, 768, 1755, 1751, 2200, 1347|2200, 1347, 768, 1751, 1755, 1752, 1761, 686, 2199, 246
338-3578|1610, 2201|1610, 2201, 2202, 228
339-26|1161|1161, 70, 65, 69, 645, 1157, 46, 1137, 35, 512
340-2829|2311|2202, 1923, 1610, 228
341-119|50, 128, 713, 47|47, 978, 49, 128, 370, 1641, 50, 156, 595, 424
342-420|2206, 48, 65, 84|42, 84, 31, 2204, 48, 135, 32, 700, 65, 40
343-1023|2211|2210, 2211, 1199, 3620, 3640, 3635, 3634, 3627, 3626, 21
344-1832|228, 2212|1610, 228, 2605, 863, 2212
345-3663|2213, 335, 301, 158, 1129, 654|2213, 2, 26, 2287, 2286, 2285, 2288, 29, 2231, 1129
346-3612|2213, 574, 2068|2213, 63, 2249, 2250, 1129, 52, 350, 308, 217, 1915
347-3588|2213, 2238, 501|2213, 2238, 137, 2, 501, 146, 1129, 63, 221, 2215
348-3645|29, 144|2213, 1199, 144, 29, 339, 337, 1129, 918, 2320, 742
349-3708|2362, 2213, 2363, 2364, 2365, 2366, 2353|2213, 2362, 2365, 2353, 2366, 2364, 2363, 1882, 424, 2367
350-3765|67, 2213, 1359, 1141, 23|2213, 23, 1141, 67, 1915, 2499, 1359, 17, 29, 354
351-3692|2213, 1229, 2235|2213, 1229, 2235, 364, 2593, 1453, 2429, 1776, 2230, 2478
352-911|505, 902, 903, 266|13, 266, 903, 902, 1570, 505, 897, 1144, 5, 6
353-3628|1915, 2213, 512, 2466, 2126|2213, 1915, 2126, 512, 441, 18, 2466, 144, 2516, 1696
354-3679|2213, 1084, 548|2213, 548, 1236, 2195, 2341, 48, 1129, 2342, 582, 29
355-3662|2492, 2459, 2213|2230, 2213, 2321, 2459, 72, 2493, 2486, 177, 737, 2492
356-3737|2231, 2422, 2213|2213, 1129, 2422, 1915, 2494, 103, 2515, 2230, 2458, 2055
357-1405|886, 2213, 144|2213, 488, 2318, 1129, 1532, 133, 144, 405, 886, 1161
358-3592|2213, 72, 2322|2213, 72, 404, 2322, 214, 2427, 199, 1915, 2426, 1129
359-3754|85, 2463|2213, 2463, 2511, 85, 1776, 266, 2515, 92, 1129, 48
360-3737|2458, 2213, 103|2213, 2422, 2494, 103, 2515, 2230, 2458, 2055, 152, 500
361-2479|35|370, 478, 179, 454, 755, 1158, 6, 715, 1836, 35
362-1928|2, 454, 2106, 313, 35, 717|65, 2514, 35, 2512, 2, 717, 313, 189, 454, 50
363-276|2213, 408, 1129, 49|2213, 63, 49, 606, 408, 2, 1129, 188, 144, 62
364-2453|1346, 35, 2518|2518, 49, 371, 1346, 35, 1602, 1899, 114, 455, 635
365-1154|1592|851, 93, 26, 45, 64, 42, 736, 621, 2152, 252
366-3767|2213|2213, 29, 144, 2386, 2383, 2384, 6, 64, 254, 1982
367-783|432, 2521, 759, 582, 755, 163|13, 1022, 2521, 163, 759, 757, 645, 149, 1804, 518
368-966|841|128, 1570, 634, 1116, 1115, 64, 894, 2382, 2522, 113
369-3324|2523|2523, 582, 1832, 189, 319, 615, 49, 371, 114, 2229
370-1252|1410|1410, 1118, 728
371-3825|154, 568, 898, 512, 149|13, 241, 568, 645, 2526, 1855, 149, 512, 898, 154
372-3784|1848|1315, 488, 2535, 1447, 2263, 1942, 2534, 47, 48
373-3455|295, 2530, 2167, 2163, 2164, 2160, 2166|2166, 2530, 2160, 2163, 2164, 2167, 2161, 295, 1816, 298
374-725|63, 2531|2531, 163, 5, 800, 105, 1308, 1121, 702, 1002, 582
375-4355|1854, 14, 2532, 1236|1854, 645, 2532, 2533, 7, 247, 948
376-2583|835, 1795|1942, 1039, 206, 39, 382, 388, 654, 1158, 1780, 910
377-3789|216, 345|501, 345, 832, 644, 1620, 188, 149, 659, 2468, 737
378-1889|52, 2008, 501|501, 2008, 52, 713, 1540, 345, 1887, 214, 405, 2
379-103|45, 254, 64, 26, 167, 93|64, 26, 45, 398, 93, 254, 49, 1946, 167, 1947
380-2072|1664, 5|965, 79, 1074, 951, 94, 171, 528, 645, 515, 5
381-9|34, 6, 24, 36|36, 24, 1173, 963, 46, 463, 26, 4, 1060, 644
382-798|1485, 1482, 1514|776, 1514, 1482, 1485, 463, 342, 446, 905, 296, 40
383-1146|968, 1425|968, 5, 645, 45, 171, 242, 1094, 254, 469, 1029
384-3811|2544, 2545, 968|968, 2545, 2544, 1716, 242, 6, 83, 5, 247, 499
385-4045|2549|511, 107, 2546, 1275, 344, 1588, 631, 342, 2510, 446
386-1817|1170, 79, 163, 188|188, 79, 94, 1170, 1493, 1492, 1502, 228, 948, 863
387-2450|191|163, 191, 64, 1815, 1955, 48, 3657, 40, 192, 1864
388-3826|141, 1239, 242, 253, 1838, 236, 298, 35|141, 242, 35, 1858, 737, 219, 354, 863, 382, 253
389-1886|794, 52|794, 50, 51, 795, 2207, 150, 1544, 1540, 40, 48
390-2364|1754|1754, 1206, 13, 241, 498, 568, 645, 1521, 1891, 245
391-2479|35|35, 1836, 6, 755, 1158, 715, 2518, 253, 2213, 1839
392-1065|1006|1006, 913, 568, 241, 659, 13, 1527, 676, 1907, 36
393-458|2, 6, 906, 250, 259|6, 5, 1818, 30, 32, 2548, 645, 906, 1060, 2
394-3871|687, 1047, 511|49, 47, 517, 181, 409, 188, 171, 1717, 1047, 29
395-2000|715, 32|282, 838, 2155, 1423, 512, 35, 806, 6, 353, 715
396-4077|29, 339, 2553|3614, 3615, 2782, 2781, 1447, 1835, 2552, 517, 976, 1477
397-4116|500, 1173, 189|645, 1094, 1100, 6, 94, 500, 1015, 112, 35, 455
398-3847|179|1158, 2558, 2556, 179, 153
399-3853|484, 2558|2558, 1200, 484, 2557, 2560, 1158, 2561, 179, 2559
400-3852|2561|2557, 2560, 2558, 2561, 1158, 179, 484, 2559
401-3322|2570, 81|2570, 1094, 26, 2063, 1543, 15, 519, 189, 582, 319
402-3859|141, 1696, 341, 280, 2106, 2565, 1346, 1620|2565, 280, 2564, 1346, 2106, 1696, 141, 2566, 341, 2567
403-2425|659, 1789|1789, 1878, 84, 46, 511, 490
404-739|2568|2568, 553, 2573, 48, 2572, 84, 1094, 32, 2651, 2113
405-981|50, 29, 85, 144, 361|144, 29, 1632, 226, 225, 985, 2436, 2250, 2229, 14
406-3915|107|107, 2641, 655, 142
407-3915|2574|2574, 2641, 655, 142
408-4355|2533, 247, 2532|5, 645, 2575, 247, 246
409-855|853, 851, 665|252, 73, 64, 853, 45, 383, 665, 851, 1094, 5
410-3539|2436, 2268, 1129|1776, 144, 29, 1129, 188, 2268, 2436, 1915, 2250, 501
411-190|1129|985, 1032, 2436, 1060, 188, 144, 29, 1037, 1129, 968
412-1353|1915, 1776, 978, 14|14, 2253, 2436, 2294, 488, 2213, 1129, 1776, 144, 1915
413-821|35|35, 1346, 1079, 1077, 2213, 6, 102, 833, 49, 47
414-3789|216, 768|501, 345, 768, 189, 550, 149, 769, 770, 154, 1147
415-2368|117, 92, 1734|92, 342, 920, 1275, 48, 142, 295, 389, 311, 815
416-1033|2579|2579, 956, 672, 937, 645, 305, 955, 952, 935, 954
417-59|1094|1094, 113, 52, 795, 51, 50, 796, 1540, 1242, 68
418-1740|2435, 2580, 113|2580, 113, 2, 2435, 1253, 2068, 221, 189, 717, 116
419-2096|154, 32, 1722, 47, 221|85, 47, 15, 361, 246, 60, 1722, 45, 221, 785
420-1707|1016|1016, 512, 206, 35, 1346, 68, 2582, 774, 6, 638
421-1934|171|171, 2777, 645, 14, 6, 1347, 768, 1129
422-3578|228, 616, 467|2584, 228, 1610, 2202, 68, 1615, 2585, 2586, 411, 774
423-1615|1060|1060, 14, 5, 6, 189, 1473, 1397, 618, 645, 1337
424-286|107|93, 107, 79, 45, 254, 428, 2590, 204, 2588, 854
425-3502|2591, 2106, 1096, 1079|1096, 2591, 1079, 2106, 1696, 298, 402, 401, 596, 597
426-3319|810, 1405, 793|2150, 189, 582, 319, 335, 1273, 2468, 353, 733, 1219
427-2049|2593|2593, 6, 2594, 1453, 611, 441, 12, 1852, 177, 113
428-3573|107|93, 107, 1029, 1610, 2590, 141, 79, 2587, 484, 2588
429-1731|280|280, 98, 14, 1359, 24, 490, 1441, 1439, 466, 228
430-109|92, 6, 5|206, 2109, 92, 149, 392, 5, 6, 1060, 645, 2213
431-3796|1094|1094, 641, 1554, 500, 556, 15, 32, 482, 2596, 1601
432-1365|2597|247, 1146, 2597, 1088, 113, 14, 1060, 796, 795, 246
433-3594|877, 1859|570, 2213, 1633, 2221, 1859, 194, 72, 877, 582, 1810
434-827|2773, 846, 820|829, 820, 819, 179, 1952, 811, 821, 781
435-2085|1188|5, 47, 1702, 572, 542, 1090, 1708, 94, 1698, 35
436-1335|246, 46, 293|5, 247, 47, 188, 2, 921, 46, 49, 542, 1121
437-1832|228, 1610, 1394|228, 1610, 1394, 2605, 863, 1046, 2586, 1249, 411, 2212
438-4040|154, 233, 892, 2755|477, 2606, 154, 2755, 1399, 233, 717, 1201, 26, 970
439-242|191, 192, 40, 64|64, 40, 192, 191, 105, 149, 14, 392, 1094, 582
440-225|1145|1145, 957, 22, 645, 1151, 363, 21, 14, 32, 49
441-3453|282, 620, 2621, 207, 807|207, 35, 253, 1922, 1597, 837, 2618, 1383, 1763, 620
442-1013|2627, 1678|1678, 2627, 938, 1677, 101, 117, 305
443-4356|107, 895, 2632|107, 2629, 39, 2628, 5, 113, 2632, 1142, 2631, 707
444-4354|1434, 2634|2551, 1434, 596, 737, 1077, 1199, 2634, 595, 46, 2382
445-3496|2100|2100, 2103, 2101, 2102
446-957|794, 239, 323, 241, 568|13, 281, 568, 913, 1094, 906, 241, 794, 311, 78
447-2393|47|47, 2592, 2636, 49, 50, 143, 716, 1769, 223, 135
448-971|1094|903, 14, 290, 1105, 219, 1045, 1194, 582, 5, 1507
449-2787|2, 1578|1923, 244, 391, 243, 78, 660, 686, 32, 1094, 490
450-764|243, 557|796, 795, 1244, 740, 1094, 5, 487, 488, 3651, 3650
451-2485|1448|1448, 177, 596, 1434, 179, 2633, 858
452-3827|2551, 627, 46, 47|115, 155, 59, 46, 627, 2551, 47, 49, 60, 5
453-3909|1589|1589, 2, 2197, 1453, 1445, 1036, 35, 2551, 595
454-3913|2638|2638
455-3860|82|2281, 641, 48, 79, 2568, 2639, 2640
456-122|107, 287, 348, 185, 186, 289|184, 107, 186, 185, 289, 201, 287, 47, 649, 52
457-3865|2642|2642, 2641, 2574, 107, 142, 655, 1946, 26
458-2566|85, 2122|85, 1880, 2690, 1891, 645, 298, 401, 402, 608, 948
459-3920|184, 107, 1420|1059, 2649, 184, 181, 1420, 107, 264, 2645, 2643, 2648
460-3481|250, 477, 49|47, 477, 246, 49, 542, 208, 352, 2485, 1583, 418
461-3877|556, 2582|2582, 107, 556, 822, 1444
462-2005|645|2651, 645, 26, 6, 222, 1201, 970, 103, 335, 3692
463-1329|634, 15|79, 188, 664, 1117, 9, 45, 874, 1119, 2, 65
464-1859|50, 51, 638, 1540|739, 623, 644, 85, 348, 206, 638, 51, 50, 79
465-560|32, 823|2652, 670, 630, 629, 94, 44, 54, 31, 29, 549
466-546|582, 1829, 1087, 1667, 113, 1060|14, 130, 1350, 497, 1060, 49, 217, 1689, 60, 1753
467-4356|107, 1651, 286|39, 107, 196, 114, 131
468-539|1094|1094, 2343, 404, 623, 1009, 29, 61, 2203, 703, 953
469-3926|556, 2536, 906, 171, 2192|2192, 171, 906, 2536, 556, 144, 29
470-873|864, 242, 47|47, 242, 49, 114, 1129, 189, 92, 35, 371, 2518
471-550|247, 65, 254, 113|206, 113, 774, 1418, 223, 800, 1951, 1622, 247, 14
472-1392|1094|1094, 409, 732, 635, 6, 649, 1812, 568, 1753, 2479
473-3873|6, 746|746, 1389, 2114, 1094, 2096, 1537, 1347, 961, 519, 1256
474-3479|49, 463, 47|47, 50, 2655, 49, 5, 463, 409, 188, 485, 374
475-109|6, 2658, 5|2658, 528, 5, 582, 130, 6, 1060, 645, 2213, 179
476-530|1408, 101, 2659, 47|47, 2659, 176, 170, 45, 59, 1408, 542, 101, 2660
477-1944|1896|247, 926, 163, 1173, 13, 645, 2662, 5, 970, 3694
478-250|2590, 93|93, 2590, 107, 995, 68, 406, 72, 405, 79, 78
479-1601|48, 986, 1656, 84, 457|29, 144, 1956, 1955, 1148, 1787, 1037, 48, 1656, 986
480-2460|60|1697, 68, 60, 1240, 48, 78, 1797, 1333, 1650, 581
481-3908|107|107, 2629, 1142, 39, 2628, 2463, 1902, 1097, 776, 2630
482-661|85|141, 157, 112, 2663, 103, 402, 1394, 575, 1396, 775
483-4357|107, 2665, 280, 254, 40, 64, 93|107, 280, 204, 40, 64, 154, 462, 45, 468, 466
484-2455|1825, 1376|1825, 1240, 1822, 1823, 130, 512, 740, 52, 180, 47
485-1011|670, 630|1923, 630, 365, 48, 1667, 735, 32, 1548, 670, 254
486-1893|905, 311, 1552|117, 253, 905, 342, 446, 1552, 35, 659, 1210, 2676
487-2030|2575|498, 1606, 2575, 1635, 1682, 163, 14, 363, 1090, 1631
488-569|107, 942, 47|47, 49, 52, 107, 45, 50, 542, 126, 462, 42
489-1215|917, 15, 47|49, 47, 59, 2, 794, 15, 917, 32, 208, 1700
490-2551|13|13, 1343, 308, 144, 1060, 1870, 6, 240, 926, 2683
491-3942|92, 26|45, 791, 64, 26, 2688, 2313, 732, 5, 6, 29
492-1245|815|815, 746, 517, 1387, 634, 94, 1105
493-350|1427|2, 206, 130, 84, 5, 721, 1486, 1494, 1511, 1492
494-1562|1300|1300, 895, 39, 5, 1301, 1297, 1443, 189, 354, 85
495-3950|3690, 487|641, 2785, 378, 45, 2698, 2152, 2692, 29, 2639, 2640
496-1456|2313, 14, 47|47, 14, 247, 2688, 791, 135, 45, 49, 252, 94
497-368|1094|1094, 79, 113, 644, 2174, 2173, 1297, 533, 163, 755
498-1961|228, 1046, 94, 863, 498, 1566|228, 1566, 498, 1046, 1568, 181, 863, 35, 1099, 1564
499-3968|2739|2739, 2710, 2722, 2696, 2711, 2697, 2405, 1193, 2723, 2721
500-4038|181, 2741, 2743|2741, 2745, 2746, 181, 2740, 2743, 2748, 117, 2742, 106
501-4028|117, 2741, 2748, 2746, 2742, 3641, 2749|2741, 2749, 2748, 2746, 181, 117, 2742, 2752, 3641, 2745
502-5|222, 2179|2753, 22, 332, 402, 2754, 3660, 336, 21, 20, 2179
503-361|45, 61, 63, 1427|61, 45, 1427, 63, 72, 6, 524, 124, 250, 562
504-557|599, 547, 47, 5|59, 5, 47, 52, 49, 15, 45, 171, 939, 599
505-234|153, 254, 1357|254, 47, 153, 379, 65, 1353, 380, 377, 45, 49
506-3858|154, 2567, 2756, 64|2756, 335, 353, 2564, 2567, 829, 1010, 103, 1732, 905
507-4044|184, 2757, 2759|2757, 2759, 184, 1318, 319, 604, 2758
508-4043|2758, 2757, 604|2757, 604, 2758, 319, 2759, 184, 1318
509-1732|65|2760, 1442, 313
510-1288|2650|2650, 791, 29, 128, 1378, 556, 1578, 1642, 1644, 1643
511-378|79, 406|79, 406, 995, 405, 238, 2637, 78, 1492, 1502
512-4045|107, 511|2761, 511, 107, 147
513-262|106, 2, 29, 63, 144, 246, 408|50, 794, 408, 106, 2, 49, 62, 122, 59, 4
514-1796|1737, 102|313, 184, 325, 463, 15, 498, 703, 1514, 1513
515-1023|2762, 2763|2763, 2762, 3620, 3640, 3635, 3634, 3627, 3626, 21, 3618
516-311|2130|204, 280, 107, 464, 462, 45, 138, 40, 447, 644
517-349|2764, 725|2764, 14, 2765, 725, 2779, 2780, 2778, 1094, 968, 1145
518-244|171, 239|732, 163, 5, 2832, 1094, 1631, 49, 582, 398, 399
519-1640|736, 93|93, 666, 42, 124, 1353, 736, 1818, 254
520-3500|403, 52|403, 794, 1096, 51, 50, 2591, 1696, 246, 454
521-3952|655|655, 64, 342, 2692, 2281, 340, 1541, 78, 733, 354
522-814|2767|2767, 2768, 2769, 2770, 655, 32, 1060, 252, 1142, 852
523-2007|794, 2106|1094, 35, 659, 2316, 2676, 226, 225, 117, 2159, 1623
524-1564|1306, 1296, 1307, 1297, 1294|107, 1293, 1294, 1297, 1307, 1296, 1306, 1305, 1304, 1303
525-4052|107, 6, 1294|107, 6, 1305, 970, 1293, 1304, 1303, 1302, 1294
526-3537|130, 6, 14, 5, 1157|5, 1157, 498, 1606, 2141, 208, 187, 171, 201, 6
527-140|203, 45, 194, 461, 26|204, 26, 45, 203, 266, 85, 50, 49, 197, 14
528-4052|107, 1293|107, 1293, 815, 1294, 1240, 1297, 1296, 354, 286, 6
529-3466|184, 2771, 2074, 939|2771, 2075, 2074, 184, 1173, 1094, 117, 939, 181
530-242|32, 582, 14, 105, 149|582, 44, 105, 65, 32, 2157, 14, 149, 392, 1094
531-14|49|49, 47, 45, 126, 50, 51, 48, 46, 246, 638
532-3568|2772, 831, 611, 819|179, 335, 32, 154, 2185, 2772
533-180|14, 113|5, 582, 113, 14, 1094, 1088, 587, 6, 264, 263
534-1668|645|354, 85, 5, 6, 485, 1103, 189, 2663, 620, 1805
535-134|60, 1390, 655, 2829|715, 29, 1699, 437, 354, 974, 1454, 1390, 60, 649
536-4050|2362, 1025, 654, 2058|2767, 85, 2058, 1029, 2282, 1181, 2770, 2769, 112, 2022
537-1502|973, 494|26, 1232, 64, 973, 45, 93, 254, 42, 78, 494
538-113|29, 1849, 178, 180, 179, 143, 47|1849, 47, 50, 45, 374, 542, 49, 179, 126, 163
539-109|6, 645, 14|5, 6, 1060, 645, 14, 2213, 49, 149, 105, 582
540-2082|163, 1200, 392|1200, 105, 5, 206, 163, 397, 64, 35, 171, 398
541-167|2776|2776, 1173, 14, 5, 528, 910, 251, 102, 1022, 766
542-4058|2200, 2777|2777, 2200, 717, 3655, 970, 267, 937, 3692, 239, 1368
543-2420|731|1667, 1786, 64, 191, 731, 40, 84, 47, 1308
544-2573|1180, 18, 48, 206|94, 1180, 206, 48, 572, 84, 1633, 1069, 79, 1967
545-1815|184, 1523, 29, 79, 213|79, 213, 1523, 184, 18, 29, 1517, 1492, 42, 1953
546-2632|258, 2, 1356, 29, 859, 340, 1814, 179, 1727, 611, 490, 1756, 686, 313, 660|490, 1356, 965, 1923, 142, 660, 1273, 1094, 225, 659
547-2610|85, 1921, 2024, 2021|820, 85, 1921, 2021, 1988, 2024, 402, 1079, 2023, 517
548-767|2778, 2780, 2779|2778, 2779, 2780, 79, 14, 163, 247, 927, 743, 221
549-280|154, 40, 296, 425, 22|22, 363, 582, 85, 296, 108, 316, 315, 348, 1257
550-235|206|206, 64, 47, 1266, 1798, 381, 477, 246, 49, 2125
551-4300|2781, 2782|2782, 2781, 3614, 1424, 1449, 595
552-2489|1854|1854, 5, 189, 917, 461, 335, 3692, 85, 239, 1033
553-4355|1854, 14|1854, 14, 1145, 904, 1173, 463, 2783
554-458|6, 906, 1854, 259|756, 14, 2784, 1854, 485, 645, 906, 1060, 6, 2
555-3498|2100, 2103|2100, 2103, 2102, 2101
556-4357|107, 45, 2665, 41, 64, 26, 138|93, 107, 462, 280, 138, 41, 204, 464, 452, 2774
557-1496|239, 246, 47|150, 198, 1334, 1544, 79, 794, 1682, 542, 86, 1632
558-4115|1852, 2785, 1853, 2786, 2788, 2787, 1852, 2789|2787, 1852, 2789, 2788, 2786, 1853, 2785
559-103|469, 1947, 1948|1950, 1948, 2570, 254, 45, 124, 1946, 1947, 49, 167
560-1434|462, 1182, 1339|1182, 462, 140, 2790, 206, 2559, 939, 107, 213, 1180
561-4118|281, 868, 2793|2793, 281, 2794, 2795, 868, 117, 181, 2797, 2796, 1428
562-3859|696, 2117, 304|2801, 304, 2117, 1346, 2565, 2106, 280, 1696, 141, 242
563-4320|2803, 2812, 2804, 2805, 2807|2803, 2805, 3673, 3672, 2804, 2809, 2808, 2817, 2816, 2806
564-978|179, 266|179, 266, 903, 833, 1158, 1041, 17, 23, 1132, 1620
565-1911|1557, 634|2529, 2170, 2166, 2163, 117, 498, 863, 1099, 634, 1557
566-3852|2561, 1200|1200, 2558, 2561, 2556, 2092, 2350, 2557
567-1214|219, 68, 2058|1029, 219, 2058, 605, 715, 64, 50, 1085, 2282, 1181
568-541|535, 32, 14|1707, 86, 1698, 14, 32, 497, 49, 122, 117, 144
569-3876|2819, 1763, 2257|2819, 512, 638, 2821, 2820, 35, 2782, 1843, 1796, 94
570-4142|1094|1094, 107
571-1052|1403, 487, 994, 3652|59, 217, 994, 92, 3652, 487, 1403, 94, 320, 79
572-900|961|645, 1094, 6, 889, 896, 961
573-2728|1094|1094, 1923
574-622|677, 2549, 514|6, 677, 676, 1430, 154, 913, 102, 659, 274, 4
575-4149|1094|1094, 107, 2145
576-4299|8, 2018, 237|8, 3613, 107, 225, 15
577-1016|271, 225, 812, 85, 247, 273, 6, 40, 266, 5, 717|717, 349, 645, 941, 40, 926, 812, 225, 6, 5
578-2082|582, 2822, 2823, 1074|2823, 2822, 582, 5, 206, 1074, 397, 64, 35, 171
579-1187|1094|1094, 45, 242, 254, 794, 469, 1556, 26, 52, 881
580-3910|1094|1094, 1434
581-2825|490|1923, 23, 29, 490
582-4354|1448, 2634|1773, 1448
583-1318|60, 224, 1130, 213, 2825, 357|213, 357, 1130, 2825, 224, 60, 1423, 215, 3649, 655
584-3472|462, 436, 213, 345|1265, 417, 436, 357, 213, 313, 215, 2824, 2827, 2826
585-3920|184, 2649, 1059|181, 1420, 2645, 184, 107, 1059, 2649, 264, 2647, 2648
586-104|1240|49, 47, 45, 143, 50, 168, 117, 371, 64, 94
587-3472|417|107, 1265, 417, 436
588-1811|519, 634, 64|1389, 519, 466, 728, 498, 703, 1505, 1522, 1508, 45
589-149|1030|1030, 49, 47, 65, 794, 45, 372, 52
590-2525|498, 2519|2519, 498, 457, 144, 29, 189, 188, 63, 1756, 378
591-1035|85, 45, 958, 808|1259, 377, 141, 68, 42, 242, 1953, 666, 15, 2785
592-763|2831, 735, 554, 553|735, 2831, 553, 2830, 988, 511, 659, 554, 712, 1271
593-149|794, 2094, 47|47, 2832, 49, 65, 794, 732, 45, 372, 1030, 52
594-3910|663|1094, 1434, 737, 85, 254, 836, 835, 579, 21, 2801
595-1788|1094|1094, 20, 65, 1114, 1507, 1505, 2199, 2835, 42, 60
596-3770|2609|2152, 2281, 2609, 2498, 2698, 2718, 2213
597-2033|715, 282, 253, 2607, 2116, 376|282, 35, 2608, 388, 376, 382, 2116, 253, 242, 47
598-1578|45, 114, 47, 49|49, 47, 14, 2078, 45, 60, 50, 371, 158, 242
599-242|489, 262|262, 163, 105, 738, 1094, 2684, 149, 14, 392, 582
600-1140|378, 1808, 43|582, 378, 43, 94, 64, 40, 192, 191, 2568, 2571
601-3930|1094|1094, 1389, 2114, 746, 23, 1212, 6
602-2597|128|1094, 965, 1356, 1923, 592, 32, 361, 1916, 2836, 1758
603-388|484|731, 484, 717, 1676, 189, 735, 482, 500, 554, 1356
604-681|94, 335, 841, 1201|1775, 113, 1094, 335, 701, 94, 6, 14, 2334, 478
605-4200|1358, 3028, 3029, 1943, 2002, 3030, 3031, 3032, 2857, 3033, 3034, 3035, 3036|1943, 2857, 2855, 2611, 2866, 2892, 2972, 3036, 3035, 3034
606-4282|1448, 595, 3059, 1943, 1599, 3022, 2982, 3606, 2634, 1598, 3038, 3024|1943, 2862, 3022, 1448, 2634, 1599, 3024, 3059, 2982, 3038
607-2131|3562, 354|354, 3562, 342, 446, 905
608-4268|2979, 3019, 1943, 3536, 3537, 3538|1943, 2979, 3019, 3538, 3537, 3536, 2906, 2964, 3018, 3325
609-4206|1448, 3059, 1943, 1599, 3022, 3025, 2634, 3024, 3060|1943, 2979, 3022, 1448, 1599, 2634, 3024, 3059, 3025, 3060
610-571|789|254, 124, 808, 3608, 2582, 556, 129, 369, 1422, 1354
611-3830|365, 149|188, 1037, 365, 149, 15, 411, 364, 2775, 3610, 3609
612-527|163, 395, 5|163, 49, 395, 105, 5, 79, 362, 197, 247, 171
613-124|29, 154, 144, 84|47, 49, 144, 1129, 188, 29, 94, 14, 2213, 189
614-3883|3611, 376|3611, 376, 373, 280, 3612, 1687, 1672, 1569, 1391
615-1337|246|246, 29, 1450, 47, 403, 49, 373, 6, 113, 128
616-4299|107, 3613|3613, 107
617-4081|3616, 207|2782, 2781, 3614, 2997, 207, 3615, 1424, 206, 1464, 1091
618-750|1094|1094, 65, 738, 756, 14, 2784, 1854, 485, 2777, 2683
619-9|36|36, 342, 24, 528, 48, 2653, 2837, 2110, 963, 463
620-4156|213, 2790|213, 2790, 2827, 2826, 2824, 2665, 357, 313, 215
621-2750|1937, 360, 813|965, 1923, 1959, 2148, 1937, 15, 750, 340, 556, 2772
622-1758|683, 32, 880, 848|254, 880, 93, 1329, 917, 733, 1130, 253, 117, 1461
623-398|644, 1667|2700, 1094, 552, 79, 482, 154, 40, 48, 582, 239
624-4081|3615|3615, 2782, 2781, 3614
625-1023|3633, 1001, 3634, 3617, 3618, 3619|3620, 3621, 3629, 3634, 2300, 23, 3632, 3636, 3456, 3631
626-1000|79|79, 664, 929, 599, 1443, 1553, 895, 1900
627-793|432, 588, 589|242, 206, 163, 432, 64, 14, 774, 1418, 759, 588
628-4303|462, 2746|2746, 2741, 2804, 462, 107, 181, 2745, 2740, 2743, 2748
629-697|1667|3612, 163, 576, 759, 72, 30, 32, 543
630-823|50, 47, 49|47, 645, 13, 49, 14, 50, 246, 48, 1100, 485
631-1943|3645|1087, 3645, 1591, 903, 905, 3644, 1088, 1060, 707
632-1353|14|14, 50, 206, 247, 2213, 64, 1476, 254, 5, 667
633-623|313, 189|313, 189, 78, 567, 659, 812, 225, 123, 2, 484
634-4310|1094|1094
635-3815|254|254, 124, 78, 1354, 42, 26, 179, 484, 500, 170
636-812|1095|207, 797, 141, 2614, 2608, 1104, 2610, 1026, 32, 2845
637-3931|154, 528|528, 3646, 1094, 2658, 14, 46, 48, 2837, 2110, 911
638-307|59, 92, 145|396, 419, 454, 446, 224, 107, 455, 280, 344, 64
639-347|3648, 1714, 1100, 278, 2463|1100, 3648, 727, 278, 480, 1714, 1094, 634, 247, 728
640-1505|59, 794, 114|213, 47, 114, 794, 458, 462, 372, 3651, 3650, 655
641-3360|224, 1132, 1130, 213, 357, 221|357, 1130, 213, 224, 478, 3647, 2825, 426, 3649, 655
642-620|45, 159, 160, 47, 49|47, 45, 49, 160, 159, 2518, 1899, 371, 246, 64
643-3360|224, 1130, 689, 213, 2825, 426|1130, 213, 224, 2825, 426, 265, 689, 357, 221, 1132
644-189|1181, 3653|3653, 29, 2501, 1776, 1181, 1199, 2213, 144, 40, 1129
645-330|79, 163, 1384, 1688, 1238|49, 79, 1083, 14, 47, 205, 374, 1691, 2, 320
646-2492|239, 378, 15|731, 582, 32, 2063, 1543, 15, 1290, 378, 94
647-2506|1040, 745, 156, 1808|745, 1673, 1147, 713, 1543, 1808, 1040, 82, 989, 3654
648-1944|1094|1094, 1173, 13, 645, 5, 970, 3694, 103, 6, 3692
649-2576|6, 13, 926, 676, 1684|1094, 676, 2783, 13, 1907, 1173, 154, 290, 201, 1174
650-1408|144, 1445, 2257|46, 2213, 1129, 1696, 136, 2503, 2502, 134, 63, 1589
651-777|889, 914, 6, 755|6, 746, 36, 890, 888, 889, 189, 179, 2630, 616
652-3908|224, 440, 85, 3656, 308, 528|3656, 440, 224, 2629, 1142, 107, 452, 1663, 141, 456
653-770|3657, 1148|582, 64, 3657, 191, 1148, 498, 188, 721, 1815, 262
654-1023|2773, 1431, 540|3640, 3639, 3626, 23, 103, 811, 3620, 3635, 3634, 3627
655-973|517|48, 921, 47, 517, 353, 1765, 246, 2756, 1010, 702
656-837|298, 207, 237|298, 207, 838, 806, 237, 65, 837
657-1370|2097|1150, 2097, 2104, 3658, 906, 1404, 1410, 1916, 1149, 717
658-335|22|22, 485, 3660, 127, 311, 277, 460, 67, 462, 459
659-22|2, 3, 638, 6, 77, 259|357, 285, 303, 62, 638, 2, 6, 152, 688, 488
660-115|3674|3674, 59, 49, 1275, 2773, 1701, 163, 181, 5, 47
661-3886|1094|1094
662-342|154, 270, 108, 40, 425|206, 708, 494, 425, 108, 40, 572, 591, 590, 213
663-3802|560, 64, 26, 167, 1946|357, 213, 462, 26, 64, 1946, 167, 33, 560, 285
664-4328|107|107
665-4327|107|107
666-4328|1240|107
667-3807|2540, 41, 254, 2228, 138|138, 41, 45, 93, 42, 357, 462, 254, 555, 26
668-4351|462, 213, 89, 357|357, 213, 462, 2826, 2824, 89, 367, 2665, 3676
669-4357|107, 2665, 41, 64, 26|107, 45, 26, 138, 254, 41, 186, 452, 2665, 2522
670-434|239|254, 573, 79, 1673, 745, 2213, 1129, 78, 998, 313
671-398|3677|3677, 552, 79, 482, 154, 40, 48, 582, 239, 1950
672-4351|462, 2824, 213, 89, 357|357, 213, 462, 2824, 89, 367, 2665, 2826, 3675, 3676
673-4339|45, 6, 570, 3681, 31, 3679, 3683|396, 422, 1288, 3678, 3683, 3679, 3681, 570, 107, 419
674-1853|1094|1094, 163, 638, 432, 582, 188, 29, 1129, 1912, 6
675-4315|3670, 3294|3670, 3294
676-4339|107, 45, 462, 6, 570, 3681, 31, 3679, 3683|107, 142, 3681, 3679, 1179, 239, 3683, 570, 3680, 2131
677-3319|1123, 1059, 820|820, 1059, 1123, 2150, 189, 582, 319
678-1057|32, 641, 30, 1128|378, 641, 32, 189, 167, 30, 82, 482, 258, 365
679-1797|1094|1094, 1514, 1513, 1389, 2114, 1521, 189, 582, 319
680-1601|1094|1094, 1956, 1955, 1148, 1787, 1037, 48, 1656, 986, 1332
681-2333|142, 342, 848, 15|342, 920, 142, 64, 24, 532
682-4303|107|107, 2804, 2746, 462, 3643, 3642, 337
683-253|29, 277|5, 6, 278, 29, 85, 49, 46, 461, 277, 1023
684-4097|29, 2553, 620, 207, 2361|1094, 2361, 207, 620, 2553, 29, 2782, 2781
685-3835|1763, 207, 2612|207, 282, 35, 620, 2361, 2553, 29, 806, 3682
686-3937|107, 1807|1807, 2774, 2665, 107, 204, 64, 342, 156, 280
687-793|2114, 1389|1389, 2114, 163, 432, 759, 588, 357, 426, 213, 1130
688-4358|107, 3684|107, 154, 5, 6, 1430, 3684, 3680, 3681, 111, 645
689-4356|107, 2631, 2632|2632, 1379, 39, 2631, 107, 2629, 85, 2664
690-4330|107, 224, 6, 1158, 3685, 1580|107, 3678, 396, 224, 3685, 1617, 221, 49, 48, 1230
691-4347|107|174, 3687, 3689, 2148, 64, 699, 3688, 173, 3686
692-4348|341, 85, 1664, 279|174, 2148, 85, 279, 1664, 173, 341, 3687, 3688, 2755
693-9|36|463, 26, 36, 713, 24, 815, 354, 963, 4, 1389
694-1872|474|795, 1548, 670, 63, 735, 1094, 2830, 2831, 79
695-292|10, 12, 430, 26|2775, 390, 254, 26, 64, 430, 12, 2538, 10, 93
696-4047|193, 1130, 221|1130, 3647, 213, 478, 224, 357, 26, 193, 45, 3649
697-1944|1094|1094, 1173, 13, 645, 5, 970, 3694, 103, 6, 3692
698-4334|107|107, 221, 49, 48, 224, 1230, 3678, 396
699-4148|107|107, 1094
700-4134|29, 338, 1211, 1192, 1193|1193, 22, 29, 3660, 3659, 338, 189, 917, 898, 461
701-3878|247, 1129|1060, 1129, 247, 5, 188, 14, 904, 1862, 385
702-242|3693, 239, 3692, 461, 14, 1534, 717, 189|3692, 717, 189, 461, 85, 335, 105, 917, 78, 14
703-4358|107, 18, 6, 5, 1238|107, 31, 489, 85, 3680, 5, 395, 642
704-4358|107, 794, 18, 42, 5, 1238|107, 85, 31, 489, 2654, 1430, 570, 154, 3680, 559
705-4298|107|107, 3613
706-3810|2539, 188|113, 1037, 52, 2539, 794, 2775, 990, 408, 1316, 32
707-4329|2665, 2826, 213, 357|213, 357, 2665, 2826, 462, 2824, 2827, 3675, 89, 367
708-4337|107, 101|107, 239, 142, 3680, 3678, 396
