0-3909|2, 3, 353, 335, 396|965, 2213, 47, 49, 14, 342, 1094, 1923, 5, 6
1-570|45, 462, 280, 466, 634, 467, 40|965, 2213, 47, 49, 14, 342, 1094, 1923, 5, 6
2-174|73, 1254, 472|965, 2213, 47, 49, 14, 342, 1094, 1923, 5, 6
3-5|459, 462, 460, 0, 22|965, 2213, 47, 49, 14, 342, 1094, 1923, 5, 6
4-314|107, 462, 468, 40|965, 2213, 47, 49, 14, 342, 1094, 1923, 5, 6
5-1662|1886, 13|965, 2213, 47, 49, 14, 342, 1094, 1923, 5, 6
6-124|409|965, 2213, 47, 49, 14, 342, 1094, 1923, 5, 6
7-1889|695, 696, 52, 697|965, 2213, 47, 49, 14, 342, 1094, 1923, 5, 6
8-430|698|965, 2213, 47, 49, 14, 342, 1094, 1923, 5, 6
9-1016|247, 482, 704|965, 2213, 47, 49, 14, 342, 1094, 1923, 5, 6
10-364|85, 102, 5, 6, 14, 760, 322, 761, 528, 771, 772, 529, 762|965, 2213, 47, 49, 14, 342, 1094, 1923, 5, 6
11-7|8, 87, 25|965, 2213, 47, 49, 14, 342, 1094, 1923, 5, 6
12-1238|775, 463|965, 2213, 47, 49, 14, 342, 1094, 1923, 5, 6
13-1438|14, 529|965, 2213, 47, 49, 14, 342, 1094, 1923, 5, 6
14-1262|616, 339, 354, 484, 820, 464|965, 2213, 47, 49, 14, 342, 1094, 1923, 5, 6
15-1149|446, 47|965, 2213, 47, 49, 14, 342, 1094, 1923, 5, 6
16-1490|1210|965, 2213, 47, 49, 14, 342, 1094, 1923, 5, 6
17-69|784, 45, 785, 225, 254, 29, 778, 786, 787, 83, 788, 170, 372, 789, 791, 717, 128|965, 2213, 47, 49, 14, 342, 1094, 1923, 5, 6
18-808|793, 128|965, 2213, 47, 49, 14, 342, 1094, 1923, 5, 6
19-1936|18, 79|965, 2213, 47, 49, 14, 342, 1094, 1923, 5, 6
20-4116|1173, 189|965, 2213, 47, 49, 14, 342, 1094, 1923, 5, 6
21-3508|957|965, 2213, 47, 49, 14, 342, 1094, 1923, 5, 6
22-109|6|965, 2213, 47, 49, 14, 342, 1094, 1923, 5, 6
23-271|254, 42|965, 2213, 47, 49, 14, 342, 1094, 1923, 5, 6
24-233|59, 369, 246, 370, 371, 376, 79, 372, 47, 373, 374, 375, 49|965, 2213, 47, 49, 14, 342, 1094, 1923, 5, 6
25-3785|2094|965, 2213, 47, 49, 14, 342, 1094, 1923, 5, 6
26-2493|963, 736|965, 2213, 47, 49, 14, 342, 1094, 1923, 5, 6
27-1057|1003, 641, 484, 655|965, 2213, 47, 49, 14, 342, 1094, 1923, 5, 6
28-726|730, 1031|965, 2213, 47, 49, 14, 342, 1094, 1923, 5, 6
29-3911|107, 595, 2551|965, 2213, 47, 49, 14, 342, 1094, 1923, 5, 6
30-870|869, 85, 596, 1035, 68|965, 2213, 47, 49, 14, 342, 1094, 1923, 5, 6
31-484|1040, 611, 602|965, 2213, 47, 49, 14, 342, 1094, 1923, 5, 6
32-1209|141, 247|965, 2213, 47, 49, 14, 342, 1094, 1923, 5, 6
33-857|793, 857|965, 2213, 47, 49, 14, 342, 1094, 1923, 5, 6
34-1904|242, 863, 23|965, 2213, 47, 49, 14, 342, 1094, 1923, 5, 6
35-1232|367, 308|965, 2213, 47, 49, 14, 342, 1094, 1923, 5, 6
36-217|355, 122, 246, 35, 356, 357|965, 2213, 47, 49, 14, 342, 1094, 1923, 5, 6
37-2082|721, 206, 397, 5|965, 2213, 47, 49, 14, 342, 1094, 1923, 5, 6
38-1542|305, 522|965, 2213, 47, 49, 14, 342, 1094, 1923, 5, 6
39-1187|863, 91|965, 2213, 47, 49, 14, 342, 1094, 1923, 5, 6
40-722|1085, 1101, 707|965, 2213, 47, 49, 14, 342, 1094, 1923, 5, 6
41-656|282, 353|965, 2213, 47, 49, 14, 342, 1094, 1923, 5, 6
42-2087|107, 1121, 542, 47, 5, 49|965, 2213, 47, 49, 14, 342, 1094, 1923, 5, 6
43-2472|715, 1835, 806, 1837|965, 2213, 47, 49, 14, 342, 1094, 1923, 5, 6
44-1985|654|965, 2213, 47, 49, 14, 342, 1094, 1923, 5, 6
45-1770|247, 1060, 939|965, 2213, 47, 49, 14, 342, 1094, 1923, 5, 6
46-801|582, 1183|965, 2213, 47, 49, 14, 342, 1094, 1923, 5, 6
47-212|343, 348, 85, 154, 2567, 1185, 147, 970, 64, 422, 296, 1190, 22|965, 2213, 47, 49, 14, 342, 1094, 1923, 5, 6
48-233|47, 353|965, 2213, 47, 49, 14, 342, 1094, 1923, 5, 6
49-1422|172, 672, 4, 5|965, 2213, 47, 49, 14, 342, 1094, 1923, 5, 6
50-526|247, 621|965, 2213, 47, 49, 14, 342, 1094, 1923, 5, 6
51-602|1197|965, 2213, 47, 49, 14, 342, 1094, 1923, 5, 6
52-4083|2553, 467|965, 2213, 47, 49, 14, 342, 1094, 1923, 5, 6
53-14|114, 1200, 609, 49|965, 2213, 47, 49, 14, 342, 1094, 1923, 5, 6
54-83|567|965, 2213, 47, 49, 14, 342, 1094, 1923, 5, 6
55-1289|141, 45, 733, 242, 167|965, 2213, 47, 49, 14, 342, 1094, 1923, 5, 6
56-653|14, 22|965, 2213, 47, 49, 14, 342, 1094, 1923, 5, 6
57-1477|1202|965, 2213, 47, 49, 14, 342, 1094, 1923, 5, 6
58-1189|1077, 282, 342, 45, 32|965, 2213, 47, 49, 14, 342, 1094, 1923, 5, 6
59-109|645|965, 2213, 47, 49, 14, 342, 1094, 1923, 5, 6
60-2661|179|965, 2213, 47, 49, 14, 342, 1094, 1923, 5, 6
61-1222|707, 217, 1893, 1102, 110|965, 2213, 47, 49, 14, 342, 1094, 1923, 5, 6
62-2076|117, 107, 83, 79, 47, 68, 49|965, 2213, 47, 49, 14, 342, 1094, 1923, 5, 6
63-3503|1053|965, 2213, 47, 49, 14, 342, 1094, 1923, 5, 6
64-1866|898, 706, 1543, 717|965, 2213, 47, 49, 14, 342, 1094, 1923, 5, 6
65-1542|1068, 305, 936|965, 2213, 47, 49, 14, 342, 1094, 1923, 5, 6
66-361|61, 1689|965, 2213, 47, 49, 14, 342, 1094, 1923, 5, 6
67-456|79, 84, 278|965, 2213, 47, 49, 14, 342, 1094, 1923, 5, 6
68-632|106, 305, 936|965, 2213, 47, 49, 14, 342, 1094, 1923, 5, 6
69-407|50, 51, 487, 1074, 5|965, 2213, 47, 49, 14, 342, 1094, 1923, 5, 6
70-3875|239, 249, 14, 1678|965, 2213, 47, 49, 14, 342, 1094, 1923, 5, 6
71-607|62, 1266, 560, 1268, 311|965, 2213, 47, 49, 14, 342, 1094, 1923, 5, 6
72-1370|271, 1274, 225, 963, 812, 500, 273, 1150, 1181|965, 2213, 47, 49, 14, 342, 1094, 1923, 5, 6
73-1966|1285, 1281, 1284, 1280, 1283, 396|965, 2213, 47, 49, 14, 342, 1094, 1923, 5, 6
74-4039|1286|965, 2213, 47, 49, 14, 342, 1094, 1923, 5, 6
75-2467|1368, 1588, 1292, 1294|965, 2213, 47, 49, 14, 342, 1094, 1923, 5, 6
76-918|687|965, 2213, 47, 49, 14, 342, 1094, 1923, 5, 6
77-3340|426, 388, 1332, 553|965, 2213, 47, 49, 14, 342, 1094, 1923, 5, 6
78-984|1207, 768, 85, 198|965, 2213, 47, 49, 14, 342, 1094, 1923, 5, 6
79-381|117, 79, 213, 357, 457|965, 2213, 47, 49, 14, 342, 1094, 1923, 5, 6
80-1028|41, 39, 5, 6|965, 2213, 47, 49, 14, 342, 1094, 1923, 5, 6
81-1527|141, 45, 254, 1426|965, 2213, 47, 49, 14, 342, 1094, 1923, 5, 6
82-110|50, 51, 52, 175|965, 2213, 47, 49, 14, 342, 1094, 1923, 5, 6
83-1105|1339, 1337, 1023, 13|965, 2213, 47, 49, 14, 342, 1094, 1923, 5, 6
84-1475|1341, 188, 22|965, 2213, 47, 49, 14, 342, 1094, 1923, 5, 6
85-2443|1811, 582, 703, 655, 1534|965, 2213, 47, 49, 14, 342, 1094, 1923, 5, 6
86-268|49|965, 2213, 47, 49, 14, 342, 1094, 1923, 5, 6
87-1641|254, 604, 556, 1219, 26, 42, 1259, 124|965, 2213, 47, 49, 14, 342, 1094, 1923, 5, 6
88-323|65, 84, 40|965, 2213, 47, 49, 14, 342, 1094, 1923, 5, 6
89-2531|498|965, 2213, 47, 49, 14, 342, 1094, 1923, 5, 6
90-3948|239, 324, 855|965, 2213, 47, 49, 14, 342, 1094, 1923, 5, 6
91-427|106, 1077, 1060, 1201|965, 2213, 47, 49, 14, 342, 1094, 1923, 5, 6
92-3302|1240|965, 2213, 47, 49, 14, 342, 1094, 1923, 5, 6
93-1744|354|965, 2213, 47, 49, 14, 342, 1094, 1923, 5, 6
94-3884|117, 2, 1392, 6, 1393, 1212, 756, 5, 660, 746|965, 2213, 47, 49, 14, 342, 1094, 1923, 5, 6
95-1145|6, 1099, 5, 418|965, 2213, 47, 49, 14, 342, 1094, 1923, 5, 6
96-3948|401, 298, 239, 103, 85, 962, 2977|965, 2213, 47, 49, 14, 342, 1094, 1923, 5, 6
97-388|30, 32|965, 2213, 47, 49, 14, 342, 1094, 1923, 5, 6
98-780|247, 1397, 645, 14|965, 2213, 47, 49, 14, 342, 1094, 1923, 5, 6
99-1953|1398|965, 2213, 47, 49, 14, 342, 1094, 1923, 5, 6
100-1424|1401, 323, 5, 6|965, 2213, 47, 49, 14, 342, 1094, 1923, 5, 6
101-2402|181|965, 2213, 47, 49, 14, 342, 1094, 1923, 5, 6
102-2027|1416, 60, 774, 206, 1419, 1413|965, 2213, 47, 49, 14, 342, 1094, 1923, 5, 6
103-2015|342, 38|965, 2213, 47, 49, 14, 342, 1094, 1923, 5, 6
104-804|748, 1437, 339|965, 2213, 47, 49, 14, 342, 1094, 1923, 5, 6
105-3882|1440, 107|965, 2213, 47, 49, 14, 342, 1094, 1923, 5, 6
106-460|432, 588, 589|965, 2213, 47, 49, 14, 342, 1094, 1923, 5, 6
107-2486|1448, 1762|965, 2213, 47, 49, 14, 342, 1094, 1923, 5, 6
108-1282|565|965, 2213, 47, 49, 14, 342, 1094, 1923, 5, 6
109-1210|1080, 107, 952, 1462, 1091, 14, 1460, 1466, 1092, 1067|965, 2213, 47, 49, 14, 342, 1094, 1923, 5, 6
110-804|1469|965, 2213, 47, 49, 14, 342, 1094, 1923, 5, 6
111-1360|1580, 1144|965, 2213, 47, 49, 14, 342, 1094, 1923, 5, 6
112-1541|137, 2, 935, 1475, 6, 305, 111, 98, 936|965, 2213, 47, 49, 14, 342, 1094, 1923, 5, 6
113-3331|231, 14, 898|965, 2213, 47, 49, 14, 342, 1094, 1923, 5, 6
114-816|340, 810, 32|965, 2213, 47, 49, 14, 342, 1094, 1923, 5, 6
115-934|1510|965, 2213, 47, 49, 14, 342, 1094, 1923, 5, 6
116-971|903|965, 2213, 47, 49, 14, 342, 1094, 1923, 5, 6
117-1597|114, 188, 47, 49|965, 2213, 47, 49, 14, 342, 1094, 1923, 5, 6
118-845|845|965, 2213, 47, 49, 14, 342, 1094, 1923, 5, 6
119-407|1797, 52, 557, 5|965, 2213, 47, 49, 14, 342, 1094, 1923, 5, 6
120-1583|1526, 133|965, 2213, 47, 49, 14, 342, 1094, 1923, 5, 6
121-1571|64, 6|965, 2213, 47, 49, 14, 342, 1094, 1923, 5, 6
122-205|21, 64, 155|965, 2213, 47, 49, 14, 342, 1094, 1923, 5, 6
123-850|50, 142, 14|965, 2213, 47, 49, 14, 342, 1094, 1923, 5, 6
124-639|59, 499, 49|965, 2213, 47, 49, 14, 342, 1094, 1923, 5, 6
125-1873|1900, 63, 32, 26|965, 2213, 47, 49, 14, 342, 1094, 1923, 5, 6
126-719|241, 13, 1060|965, 2213, 47, 49, 14, 342, 1094, 1923, 5, 6
127-4161|1037, 1267, 1032|965, 2213, 47, 49, 14, 342, 1094, 1923, 5, 6
128-256|725|965, 2213, 47, 49, 14, 342, 1094, 1923, 5, 6
129-615|673|965, 2213, 47, 49, 14, 342, 1094, 1923, 5, 6
130-948|903, 266|965, 2213, 47, 49, 14, 342, 1094, 1923, 5, 6
131-385|94, 419|965, 2213, 47, 49, 14, 342, 1094, 1923, 5, 6
132-3564|107, 1557, 1564, 1099, 498, 1566|965, 2213, 47, 49, 14, 342, 1094, 1923, 5, 6
133-1914|835, 2801|965, 2213, 47, 49, 14, 342, 1094, 1923, 5, 6
134-1255|1547, 1347|965, 2213, 47, 49, 14, 342, 1094, 1923, 5, 6
135-938|915|965, 2213, 47, 49, 14, 342, 1094, 1923, 5, 6
136-1421|1582, 645, 939|965, 2213, 47, 49, 14, 342, 1094, 1923, 5, 6
137-1188|93|965, 2213, 47, 49, 14, 342, 1094, 1923, 5, 6
138-396|29, 337, 313|965, 2213, 47, 49, 14, 342, 1094, 1923, 5, 6
139-4302|3642, 1352, 3643|965, 2213, 47, 49, 14, 342, 1094, 1923, 5, 6
140-448|49, 1050, 1382, 79, 388|965, 2213, 47, 49, 14, 342, 1094, 1923, 5, 6
141-1193|1595|965, 2213, 47, 49, 14, 342, 1094, 1923, 5, 6
142-4054|282, 620, 2621, 2607, 1942, 1157|965, 2213, 47, 49, 14, 342, 1094, 1923, 5, 6
143-4352|8, 685|965, 2213, 47, 49, 14, 342, 1094, 1923, 5, 6
144-1147|774, 206|965, 2213, 47, 49, 14, 342, 1094, 1923, 5, 6
145-1023|72, 1406, 98, 221|965, 2213, 47, 49, 14, 342, 1094, 1923, 5, 6
146-1546|1283|965, 2213, 47, 49, 14, 342, 1094, 1923, 5, 6
147-1517|208|965, 2213, 47, 49, 14, 342, 1094, 1923, 5, 6
148-1704|112, 14|965, 2213, 47, 49, 14, 342, 1094, 1923, 5, 6
149-1777|29, 85|965, 2213, 47, 49, 14, 342, 1094, 1923, 5, 6
150-804|45|965, 2213, 47, 49, 14, 342, 1094, 1923, 5, 6
151-3508|1613, 1604, 85, 649, 402, 35, 103|965, 2213, 47, 49, 14, 342, 1094, 1923, 5, 6
152-2028|1606, 466, 1610, 1608, 1029|965, 2213, 47, 49, 14, 342, 1094, 1923, 5, 6
153-435|2151, 47, 68|965, 2213, 47, 49, 14, 342, 1094, 1923, 5, 6
154-3457|107, 1606, 253, 1608, 1425|965, 2213, 47, 49, 14, 342, 1094, 1923, 5, 6
155-525|107, 1631, 1090, 47, 49|965, 2213, 47, 49, 14, 342, 1094, 1923, 5, 6
156-1344|1649, 135, 47|965, 2213, 47, 49, 14, 342, 1094, 1923, 5, 6
157-66|123, 311, 20, 366, 278, 21, 64, 127, 124, 22|965, 2213, 47, 49, 14, 342, 1094, 1923, 5, 6
158-2044|6|965, 2213, 47, 49, 14, 342, 1094, 1923, 5, 6
159-2094|193, 1717, 177|965, 2213, 47, 49, 14, 342, 1094, 1923, 5, 6
160-1607|188, 189|965, 2213, 47, 49, 14, 342, 1094, 1923, 5, 6
161-1285|335|965, 2213, 47, 49, 14, 342, 1094, 1923, 5, 6
162-222|85, 726, 14, 361|965, 2213, 47, 49, 14, 342, 1094, 1923, 5, 6
163-1921|341, 154, 1665, 40, 344|965, 2213, 47, 49, 14, 342, 1094, 1923, 5, 6
164-1384|485, 206, 1666, 105, 1236|965, 2213, 47, 49, 14, 342, 1094, 1923, 5, 6
165-3566|128|965, 2213, 47, 49, 14, 342, 1094, 1923, 5, 6
166-829|803|965, 2213, 47, 49, 14, 342, 1094, 1923, 5, 6
167-3875|239, 249, 14, 1678, 936|965, 2213, 47, 49, 14, 342, 1094, 1923, 5, 6
168-156|171, 94, 41, 206, 1706|965, 2213, 47, 49, 14, 342, 1094, 1923, 5, 6
169-1216|1714, 1081, 1713, 1466|965, 2213, 47, 49, 14, 342, 1094, 1923, 5, 6
170-1097|715, 852, 39, 206, 645, 1715, 1252, 5|965, 2213, 47, 49, 14, 342, 1094, 1923, 5, 6
171-868|400, 1621, 47|965, 2213, 47, 49, 14, 342, 1094, 1923, 5, 6
172-168|6, 5|965, 2213, 47, 49, 14, 342, 1094, 1923, 5, 6
173-471|546|965, 2213, 47, 49, 14, 342, 1094, 1923, 5, 6
174-2369|142, 342|965, 2213, 47, 49, 14, 342, 1094, 1923, 5, 6
175-2378|1755, 1751, 1347|965, 2213, 47, 49, 14, 342, 1094, 1923, 5, 6
176-2343|239, 659|965, 2213, 47, 49, 14, 342, 1094, 1923, 5, 6
177-2182|1111, 1757|965, 2213, 47, 49, 14, 342, 1094, 1923, 5, 6
178-2362|1755, 1761|965, 2213, 47, 49, 14, 342, 1094, 1923, 5, 6
179-3319|810, 582|965, 2213, 47, 49, 14, 342, 1094, 1923, 5, 6
180-3819|1590, 976|965, 2213, 47, 49, 14, 342, 1094, 1923, 5, 6
181-890|50, 228, 713, 879, 887, 1426|965, 2213, 47, 49, 14, 342, 1094, 1923, 5, 6
182-2412|354, 1099, 237|965, 2213, 47, 49, 14, 342, 1094, 1923, 5, 6
183-895|659, 1787|965, 2213, 47, 49, 14, 342, 1094, 1923, 5, 6
184-4352|1790|965, 2213, 47, 49, 14, 342, 1094, 1923, 5, 6
185-2394|107, 595, 869, 1791, 2296, 455, 843, 1036, 47|965, 2213, 47, 49, 14, 342, 1094, 1923, 5, 6
186-1891|246|965, 2213, 47, 49, 14, 342, 1094, 1923, 5, 6
187-651|52, 308|965, 2213, 47, 49, 14, 342, 1094, 1923, 5, 6
188-2059|764, 1267, 567, 1800, 1801, 1667, 706|965, 2213, 47, 49, 14, 342, 1094, 1923, 5, 6
189-2425|239, 446, 1789, 1210|965, 2213, 47, 49, 14, 342, 1094, 1923, 5, 6
190-135|62, 1762, 638, 409|965, 2213, 47, 49, 14, 342, 1094, 1923, 5, 6
191-161|1803, 781, 217, 240, 241, 13, 54|965, 2213, 47, 49, 14, 342, 1094, 1923, 5, 6
192-551|206|965, 2213, 47, 49, 14, 342, 1094, 1923, 5, 6
193-4159|1558|965, 2213, 47, 49, 14, 342, 1094, 1923, 5, 6
194-29|141, 79, 1808, 42|965, 2213, 47, 49, 14, 342, 1094, 1923, 5, 6
195-3532|141|965, 2213, 47, 49, 14, 342, 1094, 1923, 5, 6
196-2459|1821, 1207, 1820|965, 2213, 47, 49, 14, 342, 1094, 1923, 5, 6
197-1968|52|965, 2213, 47, 49, 14, 342, 1094, 1923, 5, 6
198-4353|117, 306, 971, 84, 64|965, 2213, 47, 49, 14, 342, 1094, 1923, 5, 6
199-4353|214, 971, 405, 84, 64|965, 2213, 47, 49, 14, 342, 1094, 1923, 5, 6
200-245|120, 88, 140|965, 2213, 47, 49, 14, 342, 1094, 1923, 5, 6
201-1561|1833, 550, 1298, 1294|965, 2213, 47, 49, 14, 342, 1094, 1923, 5, 6
202-4354|1434, 1590, 836, 2634|965, 2213, 47, 49, 14, 342, 1094, 1923, 5, 6
203-1989|45, 342, 35, 654, 2382, 68|965, 2213, 47, 49, 14, 342, 1094, 1923, 5, 6
204-2488|1448, 1845|965, 2213, 47, 49, 14, 342, 1094, 1923, 5, 6
205-3599|1450, 113|965, 2213, 47, 49, 14, 342, 1094, 1923, 5, 6
206-758|378, 1808, 582|965, 2213, 47, 49, 14, 342, 1094, 1923, 5, 6
207-17|14, 49|965, 2213, 47, 49, 14, 342, 1094, 1923, 5, 6
208-2486|1344|965, 2213, 47, 49, 14, 342, 1094, 1923, 5, 6
209-2055|64, 596, 29, 858, 335, 64, 250, 64|965, 2213, 47, 49, 14, 342, 1094, 1923, 5, 6
210-341|50, 51, 493|965, 2213, 47, 49, 14, 342, 1094, 1923, 5, 6
211-234|377, 378, 254, 1854|965, 2213, 47, 49, 14, 342, 1094, 1923, 5, 6
212-3889|1828, 1129, 1855, 149|965, 2213, 47, 49, 14, 342, 1094, 1923, 5, 6
213-1773|254|965, 2213, 47, 49, 14, 342, 1094, 1923, 5, 6
214-3122|669|965, 2213, 47, 49, 14, 342, 1094, 1923, 5, 6
215-2983|732, 582, 1862, 470|965, 2213, 47, 49, 14, 342, 1094, 1923, 5, 6
216-1461|1554, 666, 556, 32, 365, 1043, 632|965, 2213, 47, 49, 14, 342, 1094, 1923, 5, 6
217-1601|48, 1667|965, 2213, 47, 49, 14, 342, 1094, 1923, 5, 6
218-2398|1077, 219, 114, 1769, 47, 49|965, 2213, 47, 49, 14, 342, 1094, 1923, 5, 6
219-404|963, 1878, 404|965, 2213, 47, 49, 14, 342, 1094, 1923, 5, 6
220-4160|654, 1881, 1447|965, 2213, 47, 49, 14, 342, 1094, 1923, 5, 6
221-3329|1884, 1650, 1173|965, 2213, 47, 49, 14, 342, 1094, 1923, 5, 6
222-3880|153, 11|965, 2213, 47, 49, 14, 342, 1094, 1923, 5, 6
223-1421|1892, 6, 939, 5|965, 2213, 47, 49, 14, 342, 1094, 1923, 5, 6
224-3574|935, 60, 68, 1897, 91|965, 2213, 47, 49, 14, 342, 1094, 1923, 5, 6
225-3837|1939, 94|965, 2213, 47, 49, 14, 342, 1094, 1923, 5, 6
226-694|638, 3610, 3609|965, 2213, 47, 49, 14, 342, 1094, 1923, 5, 6
227-61|60, 29, 1898, 372|965, 2213, 47, 49, 14, 342, 1094, 1923, 5, 6
228-3876|1930, 436, 46|965, 2213, 47, 49, 14, 342, 1094, 1923, 5, 6
229-2082|206, 5|965, 2213, 47, 49, 14, 342, 1094, 1923, 5, 6
230-3530|1270|965, 2213, 47, 49, 14, 342, 1094, 1923, 5, 6
231-1467|794, 1196, 38, 47|965, 2213, 47, 49, 14, 342, 1094, 1923, 5, 6
232-156|711, 206, 40, 397, 5|965, 2213, 47, 49, 14, 342, 1094, 1923, 5, 6
233-2582|1909|965, 2213, 47, 49, 14, 342, 1094, 1923, 5, 6
234-65|122, 600, 2513, 54|965, 2213, 47, 49, 14, 342, 1094, 1923, 5, 6
235-1402|939|965, 2213, 47, 49, 14, 342, 1094, 1923, 5, 6
236-4352|685, 713, 1914|965, 2213, 47, 49, 14, 342, 1094, 1923, 5, 6
237-1644|370|965, 2213, 47, 49, 14, 342, 1094, 1923, 5, 6
238-1778|707, 1472, 1917|965, 2213, 47, 49, 14, 342, 1094, 1923, 5, 6
239-347|14|965, 2213, 47, 49, 14, 342, 1094, 1923, 5, 6
240-1560|889, 6, 5|965, 2213, 47, 49, 14, 342, 1094, 1923, 5, 6
241-640|50, 85, 39, 103|965, 2213, 47, 49, 14, 342, 1094, 1923, 5, 6
242-2821|1933|965, 2213, 47, 49, 14, 342, 1094, 1923, 5, 6
243-116|342, 1629|965, 2213, 47, 49, 14, 342, 1094, 1923, 5, 6
244-3822|736|965, 2213, 47, 49, 14, 342, 1094, 1923, 5, 6
245-3312|1940, 1942, 654, 1938|965, 2213, 47, 49, 14, 342, 1094, 1923, 5, 6
246-3311|1940, 1941, 179, 1938|965, 2213, 47, 49, 14, 342, 1094, 1923, 5, 6
247-3310|179, 1938|965, 2213, 47, 49, 14, 342, 1094, 1923, 5, 6
248-3267|32, 32, 824, 824, 1934, 1936, 1935|965, 2213, 47, 49, 14, 342, 1094, 1923, 5, 6
249-4160|2061, 466, 449|965, 2213, 47, 49, 14, 342, 1094, 1923, 5, 6
250-2933|965|965, 2213, 47, 49, 14, 342, 1094, 1923, 5, 6
251-1625|590|965, 2213, 47, 49, 14, 342, 1094, 1923, 5, 6
252-1531|335|965, 2213, 47, 49, 14, 342, 1094, 1923, 5, 6
253-781|713, 1799|965, 2213, 47, 49, 14, 342, 1094, 1923, 5, 6
254-1498|319, 582, 189|965, 2213, 47, 49, 14, 342, 1094, 1923, 5, 6
255-751|240|965, 2213, 47, 49, 14, 342, 1094, 1923, 5, 6
256-1790|1957, 1956|965, 2213, 47, 49, 14, 342, 1094, 1923, 5, 6
257-2473|3500, 35, 3622|965, 2213, 47, 49, 14, 342, 1094, 1923, 5, 6
258-3448|2056, 2057, 1971, 2029|965, 2213, 47, 49, 14, 342, 1094, 1923, 5, 6
259-3430|1971, 2012|965, 2213, 47, 49, 14, 342, 1094, 1923, 5, 6
260-3370|1969, 1970|965, 2213, 47, 49, 14, 342, 1094, 1923, 5, 6
261-661|85, 32, 1988|965, 2213, 47, 49, 14, 342, 1094, 1923, 5, 6
262-3787|98|965, 2213, 47, 49, 14, 342, 1094, 1923, 5, 6
263-837|32, 237|965, 2213, 47, 49, 14, 342, 1094, 1923, 5, 6
264-3427|179|965, 2213, 47, 49, 14, 342, 1094, 1923, 5, 6
265-3357|1864|965, 2213, 47, 49, 14, 342, 1094, 1923, 5, 6
266-1434|107|965, 2213, 47, 49, 14, 342, 1094, 1923, 5, 6
267-1416|2077, 14|965, 2213, 47, 49, 14, 342, 1094, 1923, 5, 6
268-169|369|965, 2213, 47, 49, 14, 342, 1094, 1923, 5, 6
269-1629|154|965, 2213, 47, 49, 14, 342, 1094, 1923, 5, 6
270-1517|794, 198, 1420, 1697|965, 2213, 47, 49, 14, 342, 1094, 1923, 5, 6
271-3476|2080|965, 2213, 47, 49, 14, 342, 1094, 1923, 5, 6
272-3474|2082, 2080|965, 2213, 47, 49, 14, 342, 1094, 1923, 5, 6
273-3474|2082, 2080|965, 2213, 47, 49, 14, 342, 1094, 1923, 5, 6
274-234|469, 2083, 42|965, 2213, 47, 49, 14, 342, 1094, 1923, 5, 6
275-2803|248, 1710, 1747|965, 2213, 47, 49, 14, 342, 1094, 1923, 5, 6
276-3476|198, 2080|965, 2213, 47, 49, 14, 342, 1094, 1923, 5, 6
277-269|6, 5|965, 2213, 47, 49, 14, 342, 1094, 1923, 5, 6
278-2406|595, 35|965, 2213, 47, 49, 14, 342, 1094, 1923, 5, 6
279-276|106, 62, 107, 410, 2, 4, 122, 408, 523, 188, 477, 49|965, 2213, 47, 49, 14, 342, 1094, 1923, 5, 6
280-1381|208, 2469|965, 2213, 47, 49, 14, 342, 1094, 1923, 5, 6
281-1857|175|965, 2213, 47, 49, 14, 342, 1094, 1923, 5, 6
282-2575|188|965, 2213, 47, 49, 14, 342, 1094, 1923, 5, 6
283-490|87|965, 2213, 47, 49, 14, 342, 1094, 1923, 5, 6
284-1721|29, 1009, 254|965, 2213, 47, 49, 14, 342, 1094, 1923, 5, 6
285-3312|1450, 35, 1942, 654, 1394, 2850|965, 2213, 47, 49, 14, 342, 1094, 1923, 5, 6
286-3817|596, 46, 2542|965, 2213, 47, 49, 14, 342, 1094, 1923, 5, 6
287-533|45|965, 2213, 47, 49, 14, 342, 1094, 1923, 5, 6
288-1508|826|965, 2213, 47, 49, 14, 342, 1094, 1923, 5, 6
289-3470|1761|965, 2213, 47, 49, 14, 342, 1094, 1923, 5, 6
290-1966|117, 2107, 1281, 2108, 1283|965, 2213, 47, 49, 14, 342, 1094, 1923, 5, 6
291-2069|172, 45, 29, 463, 683, 1347, 1059, 73, 103, 179, 5|965, 2213, 47, 49, 14, 342, 1094, 1923, 5, 6
292-2090|1420|965, 2213, 47, 49, 14, 342, 1094, 1923, 5, 6
293-1788|1114|965, 2213, 47, 49, 14, 342, 1094, 1923, 5, 6
294-3459|35, 1366, 5|965, 2213, 47, 49, 14, 342, 1094, 1923, 5, 6
295-1805|2, 79, 113|965, 2213, 47, 49, 14, 342, 1094, 1923, 5, 6
296-3874|359|965, 2213, 47, 49, 14, 342, 1094, 1923, 5, 6
297-2432|1457, 3, 57, 15, 1747|965, 2213, 47, 49, 14, 342, 1094, 1923, 5, 6
298-110|1094|965, 2213, 47, 49, 14, 342, 1094, 1923, 5, 6
299-3855|2117, 304|965, 2213, 47, 49, 14, 342, 1094, 1923, 5, 6
300-1297|902, 217, 2118, 2119, 32|965, 2213, 47, 49, 14, 342, 1094, 1923, 5, 6
301-1319|1277|965, 2213, 47, 49, 14, 342, 1094, 1923, 5, 6
302-71|1631|965, 2213, 47, 49, 14, 342, 1094, 1923, 5, 6
303-2063|659, 313, 660|965, 2213, 47, 49, 14, 342, 1094, 1923, 5, 6
304-3873|171, 2096|965, 2213, 47, 49, 14, 342, 1094, 1923, 5, 6
305-3531|2132, 2133, 179|965, 2213, 47, 49, 14, 342, 1094, 1923, 5, 6
306-1061|239, 999, 582, 1000, 813|965, 2213, 47, 49, 14, 342, 1094, 1923, 5, 6
307-3229|110|965, 2213, 47, 49, 14, 342, 1094, 1923, 5, 6
308-4353|2, 971|965, 2213, 47, 49, 14, 342, 1094, 1923, 5, 6
309-2101|64, 1111, 142, 342, 1724|965, 2213, 47, 49, 14, 342, 1094, 1923, 5, 6
310-878|247|965, 2213, 47, 49, 14, 342, 1094, 1923, 5, 6
311-3808|93|965, 2213, 47, 49, 14, 342, 1094, 1923, 5, 6
312-3504|206, 2146|965, 2213, 47, 49, 14, 342, 1094, 1923, 5, 6
313-3801|1946|965, 2213, 47, 49, 14, 342, 1094, 1923, 5, 6
314-1682|49|965, 2213, 47, 49, 14, 342, 1094, 1923, 5, 6
315-502|1145|965, 2213, 47, 49, 14, 342, 1094, 1923, 5, 6
316-2512|1009, 1620|965, 2213, 47, 49, 14, 342, 1094, 1923, 5, 6
317-2023|2117, 304|965, 2213, 47, 49, 14, 342, 1094, 1923, 5, 6
318-1915|469, 436, 2151|965, 2213, 47, 49, 14, 342, 1094, 1923, 5, 6
319-1100|906, 527|965, 2213, 47, 49, 14, 342, 1094, 1923, 5, 6
320-806|801|965, 2213, 47, 49, 14, 342, 1094, 1923, 5, 6
321-1952|1597|965, 2213, 47, 49, 14, 342, 1094, 1923, 5, 6
322-187|1094|965, 2213, 47, 49, 14, 342, 1094, 1923, 5, 6
323-2058|195, 1664|965, 2213, 47, 49, 14, 342, 1094, 1923, 5, 6
324-1943|905|965, 2213, 47, 49, 14, 342, 1094, 1923, 5, 6
325-65|2513|965, 2213, 47, 49, 14, 342, 1094, 1923, 5, 6
326-810|826|965, 2213, 47, 49, 14, 342, 1094, 1923, 5, 6
327-2520|93|965, 2213, 47, 49, 14, 342, 1094, 1923, 5, 6
328-4159|102, 2160, 2161, 2164|965, 2213, 47, 49, 14, 342, 1094, 1923, 5, 6
329-2868|2172|965, 2213, 47, 49, 14, 342, 1094, 1923, 5, 6
330-1673|645, 978, 14|965, 2213, 47, 49, 14, 342, 1094, 1923, 5, 6
331-428|50, 126, 511, 246|965, 2213, 47, 49, 14, 342, 1094, 1923, 5, 6
332-388|32, 717|965, 2213, 47, 49, 14, 342, 1094, 1923, 5, 6
333-68|125, 122, 22|965, 2213, 47, 49, 14, 342, 1094, 1923, 5, 6
334-2481|402, 38|965, 2213, 47, 49, 14, 342, 1094, 1923, 5, 6
335-3579|79|965, 2213, 47, 49, 14, 342, 1094, 1923, 5, 6
336-3547|1610, 1029|965, 2213, 47, 49, 14, 342, 1094, 1923, 5, 6
337-2361|1752, 768, 1755, 1751, 2200, 1347|965, 2213, 47, 49, 14, 342, 1094, 1923, 5, 6
338-3578|1610, 2201|965, 2213, 47, 49, 14, 342, 1094, 1923, 5, 6
339-26|1161|965, 2213, 47, 49, 14, 342, 1094, 1923, 5, 6
340-2829|2311|965, 2213, 47, 49, 14, 342, 1094, 1923, 5, 6
341-119|50, 128, 713, 47|965, 2213, 47, 49, 14, 342, 1094, 1923, 5, 6
342-420|2206, 48, 65, 84|965, 2213, 47, 49, 14, 342, 1094, 1923, 5, 6
343-1023|2211|965, 2213, 47, 49, 14, 342, 1094, 1923, 5, 6
344-1832|228, 2212|965, 2213, 47, 49, 14, 342, 1094, 1923, 5, 6
345-3663|2213, 335, 301, 158, 1129, 654|965, 2213, 47, 49, 14, 342, 1094, 1923, 5, 6
346-3612|2213, 574, 2068|965, 2213, 47, 49, 14, 342, 1094, 1923, 5, 6
347-3588|2213, 2238, 501|965, 2213, 47, 49, 14, 342, 1094, 1923, 5, 6
348-3645|29, 144|965, 2213, 47, 49, 14, 342, 1094, 1923, 5, 6
349-3708|2362, 2213, 2363, 2364, 2365, 2366, 2353|965, 2213, 47, 49, 14, 342, 1094, 1923, 5, 6
350-3765|67, 2213, 1359, 1141, 23|965, 2213, 47, 49, 14, 342, 1094, 1923, 5, 6
351-3692|2213, 1229, 2235|965, 2213, 47, 49, 14, 342, 1094, 1923, 5, 6
352-911|505, 902, 903, 266|965, 2213, 47, 49, 14, 342, 1094, 1923, 5, 6
353-3628|1915, 2213, 512, 2466, 2126|965, 2213, 47, 49, 14, 342, 1094, 1923, 5, 6
354-3679|2213, 1084, 548|965, 2213, 47, 49, 14, 342, 1094, 1923, 5, 6
355-3662|2492, 2459, 2213|965, 2213, 47, 49, 14, 342, 1094, 1923, 5, 6
356-3737|2231, 2422, 2213|965, 2213, 47, 49, 14, 342, 1094, 1923, 5, 6
357-1405|886, 2213, 144|965, 2213, 47, 49, 14, 342, 1094, 1923, 5, 6
358-3592|2213, 72, 2322|965, 2213, 47, 49, 14, 342, 1094, 1923, 5, 6
359-3754|85, 2463|965, 2213, 47, 49, 14, 342, 1094, 1923, 5, 6
360-3737|2458, 2213, 103|965, 2213, 47, 49, 14, 342, 1094, 1923, 5, 6
361-2479|35|965, 2213, 47, 49, 14, 342, 1094, 1923, 5, 6
362-1928|2, 454, 2106, 313, 35, 717|965, 2213, 47, 49, 14, 342, 1094, 1923, 5, 6
363-276|2213, 408, 1129, 49|965, 2213, 47, 49, 14, 342, 1094, 1923, 5, 6
364-2453|1346, 35, 2518|965, 2213, 47, 49, 14, 342, 1094, 1923, 5, 6
365-1154|1592|965, 2213, 47, 49, 14, 342, 1094, 1923, 5, 6
366-3767|2213|965, 2213, 47, 49, 14, 342, 1094, 1923, 5, 6
367-783|432, 2521, 759, 582, 755, 163|965, 2213, 47, 49, 14, 342, 1094, 1923, 5, 6
368-966|841|965, 2213, 47, 49, 14, 342, 1094, 1923, 5, 6
369-3324|2523|965, 2213, 47, 49, 14, 342, 1094, 1923, 5, 6
370-1252|1410|965, 2213, 47, 49, 14, 342, 1094, 1923, 5, 6
371-3825|154, 568, 898, 512, 149|965, 2213, 47, 49, 14, 342, 1094, 1923, 5, 6
372-3784|1848|965, 2213, 47, 49, 14, 342, 1094, 1923, 5, 6
373-3455|295, 2530, 2167, 2163, 2164, 2160, 2166|965, 2213, 47, 49, 14, 342, 1094, 1923, 5, 6
374-725|63, 2531|965, 2213, 47, 49, 14, 342, 1094, 1923, 5, 6
375-4355|1854, 14, 2532, 1236|965, 2213, 47, 49, 14, 342, 1094, 1923, 5, 6
376-2583|835, 1795|965, 2213, 47, 49, 14, 342, 1094, 1923, 5, 6
377-3789|216, 345|965, 2213, 47, 49, 14, 342, 1094, 1923, 5, 6
378-1889|52, 2008, 501|965, 2213, 47, 49, 14, 342, 1094, 1923, 5, 6
379-103|45, 254, 64, 26, 167, 93|965, 2213, 47, 49, 14, 342, 1094, 1923, 5, 6
380-2072|1664, 5|965, 2213, 47, 49, 14, 342, 1094, 1923, 5, 6
381-9|34, 6, 24, 36|965, 2213, 47, 49, 14, 342, 1094, 1923, 5, 6
382-798|1485, 1482, 1514|965, 2213, 47, 49, 14, 342, 1094, 1923, 5, 6
383-1146|968, 1425|965, 2213, 47, 49, 14, 342, 1094, 1923, 5, 6
384-3811|2544, 2545, 968|965, 2213, 47, 49, 14, 342, 1094, 1923, 5, 6
385-4045|2549|965, 2213, 47, 49, 14, 342, 1094, 1923, 5, 6
386-1817|1170, 79, 163, 188|965, 2213, 47, 49, 14, 342, 1094, 1923, 5, 6
387-2450|191|965, 2213, 47, 49, 14, 342, 1094, 1923, 5, 6
388-3826|141, 1239, 242, 253, 1838, 236, 298, 35|965, 2213, 47, 49, 14, 342, 1094, 1923, 5, 6
389-1886|794, 52|965, 2213, 47, 49, 14, 342, 1094, 1923, 5, 6
390-2364|1754|965, 2213, 47, 49, 14, 342, 1094, 1923, 5, 6
391-2479|35|965, 2213, 47, 49, 14, 342, 1094, 1923, 5, 6
392-1065|1006|965, 2213, 47, 49, 14, 342, 1094, 1923, 5, 6
393-458|2, 6, 906, 250, 259|965, 2213, 47, 49, 14, 342, 1094, 1923, 5, 6
394-3871|687, 1047, 511|965, 2213, 47, 49, 14, 342, 1094, 1923, 5, 6
395-2000|715, 32|965, 2213, 47, 49, 14, 342, 1094, 1923, 5, 6
396-4077|29, 339, 2553|965, 2213, 47, 49, 14, 342, 1094, 1923, 5, 6
397-4116|500, 1173, 189|965, 2213, 47, 49, 14, 342, 1094, 1923, 5, 6
398-3847|179|965, 2213, 47, 49, 14, 342, 1094, 1923, 5, 6
399-3853|484, 2558|965, 2213, 47, 49, 14, 342, 1094, 1923, 5, 6
400-3852|2561|965, 2213, 47, 49, 14, 342, 1094, 1923, 5, 6
401-3322|2570, 81|965, 2213, 47, 49, 14, 342, 1094, 1923, 5, 6
402-3859|141, 1696, 341, 280, 2106, 2565, 1346, 1620|965, 2213, 47, 49, 14, 342, 1094, 1923, 5, 6
403-2425|659, 1789|965, 2213, 47, 49, 14, 342, 1094, 1923, 5, 6
404-739|2568|965, 2213, 47, 49, 14, 342, 1094, 1923, 5, 6
405-981|50, 29, 85, 144, 361|965, 2213, 47, 49, 14, 342, 1094, 1923, 5, 6
406-3915|107|965, 2213, 47, 49, 14, 342, 1094, 1923, 5, 6
407-3915|2574|965, 2213, 47, 49, 14, 342, 1094, 1923, 5, 6
408-4355|2533, 247, 2532|965, 2213, 47, 49, 14, 342, 1094, 1923, 5, 6
409-855|853, 851, 665|965, 2213, 47, 49, 14, 342, 1094, 1923, 5, 6
410-3539|2436, 2268, 1129|965, 2213, 47, 49, 14, 342, 1094, 1923, 5, 6
411-190|1129|965, 2213, 47, 49, 14, 342, 1094, 1923, 5, 6
412-1353|1915, 1776, 978, 14|965, 2213, 47, 49, 14, 342, 1094, 1923, 5, 6
413-821|35|965, 2213, 47, 49, 14, 342, 1094, 1923, 5, 6
414-3789|216, 768|965, 2213, 47, 49, 14, 342, 1094, 1923, 5, 6
415-2368|117, 92, 1734|965, 2213, 47, 49, 14, 342, 1094, 1923, 5, 6
416-1033|2579|965, 2213, 47, 49, 14, 342, 1094, 1923, 5, 6
417-59|1094|965, 2213, 47, 49, 14, 342, 1094, 1923, 5, 6
418-1740|2435, 2580, 113|965, 2213, 47, 49, 14, 342, 1094, 1923, 5, 6
419-2096|154, 32, 1722, 47, 221|965, 2213, 47, 49, 14, 342, 1094, 1923, 5, 6
420-1707|1016|965, 2213, 47, 49, 14, 342, 1094, 1923, 5, 6
421-1934|171|965, 2213, 47, 49, 14, 342, 1094, 1923, 5, 6
422-3578|228, 616, 467|965, 2213, 47, 49, 14, 342, 1094, 1923, 5, 6
423-1615|1060|965, 2213, 47, 49, 14, 342, 1094, 1923, 5, 6
424-286|107|965, 2213, 47, 49, 14, 342, 1094, 1923, 5, 6
425-3502|2591, 2106, 1096, 1079|965, 2213, 47, 49, 14, 342, 1094, 1923, 5, 6
426-3319|810, 1405, 793|965, 2213, 47, 49, 14, 342, 1094, 1923, 5, 6
427-2049|2593|965, 2213, 47, 49, 14, 342, 1094, 1923, 5, 6
428-3573|107|965, 2213, 47, 49, 14, 342, 1094, 1923, 5, 6
429-1731|280|965, 2213, 47, 49, 14, 342, 1094, 1923, 5, 6
430-109|92, 6, 5|965, 2213, 47, 49, 14, 342, 1094, 1923, 5, 6
431-3796|1094|965, 2213, 47, 49, 14, 342, 1094, 1923, 5, 6
432-1365|2597|965, 2213, 47, 49, 14, 342, 1094, 1923, 5, 6
433-3594|877, 1859|965, 2213, 47, 49, 14, 342, 1094, 1923, 5, 6
434-827|2773, 846, 820|965, 2213, 47, 49, 14, 342, 1094, 1923, 5, 6
435-2085|1188|965, 2213, 47, 49, 14, 342, 1094, 1923, 5, 6
436-1335|246, 46, 293|965, 2213, 47, 49, 14, 342, 1094, 1923, 5, 6
437-1832|228, 1610, 1394|965, 2213, 47, 49, 14, 342, 1094, 1923, 5, 6
438-4040|154, 233, 892, 2755|965, 2213, 47, 49, 14, 342, 1094, 1923, 5, 6
439-242|191, 192, 40, 64|965, 2213, 47, 49, 14, 342, 1094, 1923, 5, 6
440-225|1145|965, 2213, 47, 49, 14, 342, 1094, 1923, 5, 6
441-3453|282, 620, 2621, 207, 807|965, 2213, 47, 49, 14, 342, 1094, 1923, 5, 6
442-1013|2627, 1678|965, 2213, 47, 49, 14, 342, 1094, 1923, 5, 6
443-4356|107, 895, 2632|965, 2213, 47, 49, 14, 342, 1094, 1923, 5, 6
444-4354|1434, 2634|965, 2213, 47, 49, 14, 342, 1094, 1923, 5, 6
445-3496|2100|965, 2213, 47, 49, 14, 342, 1094, 1923, 5, 6
446-957|794, 239, 323, 241, 568|965, 2213, 47, 49, 14, 342, 1094, 1923, 5, 6
447-2393|47|965, 2213, 47, 49, 14, 342, 1094, 1923, 5, 6
448-971|1094|965, 2213, 47, 49, 14, 342, 1094, 1923, 5, 6
449-2787|2, 1578|965, 2213, 47, 49, 14, 342, 1094, 1923, 5, 6
450-764|243, 557|965, 2213, 47, 49, 14, 342, 1094, 1923, 5, 6
451-2485|1448|965, 2213, 47, 49, 14, 342, 1094, 1923, 5, 6
452-3827|2551, 627, 46, 47|965, 2213, 47, 49, 14, 342, 1094, 1923, 5, 6
453-3909|1589|965, 2213, 47, 49, 14, 342, 1094, 1923, 5, 6
454-3913|2638|965, 2213, 47, 49, 14, 342, 1094, 1923, 5, 6
455-3860|82|965, 2213, 47, 49, 14, 342, 1094, 1923, 5, 6
456-122|107, 287, 348, 185, 186, 289|965, 2213, 47, 49, 14, 342, 1094, 1923, 5, 6
457-3865|2642|965, 2213, 47, 49, 14, 342, 1094, 1923, 5, 6
458-2566|85, 2122|965, 2213, 47, 49, 14, 342, 1094, 1923, 5, 6
459-3920|184, 107, 1420|965, 2213, 47, 49, 14, 342, 1094, 1923, 5, 6
460-3481|250, 477, 49|965, 2213, 47, 49, 14, 342, 1094, 1923, 5, 6
461-3877|556, 2582|965, 2213, 47, 49, 14, 342, 1094, 1923, 5, 6
462-2005|645|965, 2213, 47, 49, 14, 342, 1094, 1923, 5, 6
463-1329|634, 15|965, 2213, 47, 49, 14, 342, 1094, 1923, 5, 6
464-1859|50, 51, 638, 1540|965, 2213, 47, 49, 14, 342, 1094, 1923, 5, 6
465-560|32, 823|965, 2213, 47, 49, 14, 342, 1094, 1923, 5, 6
466-546|582, 1829, 1087, 1667, 113, 1060|965, 2213, 47, 49, 14, 342, 1094, 1923, 5, 6
467-4356|107, 1651, 286|965, 2213, 47, 49, 14, 342, 1094, 1923, 5, 6
468-539|1094|965, 2213, 47, 49, 14, 342, 1094, 1923, 5, 6
469-3926|556, 2536, 906, 171, 2192|965, 2213, 47, 49, 14, 342, 1094, 1923, 5, 6
470-873|864, 242, 47|965, 2213, 47, 49, 14, 342, 1094, 1923, 5, 6
471-550|247, 65, 254, 113|965, 2213, 47, 49, 14, 342, 1094, 1923, 5, 6
472-1392|1094|965, 2213, 47, 49, 14, 342, 1094, 1923, 5, 6
473-3873|6, 746|965, 2213, 47, 49, 14, 342, 1094, 1923, 5, 6
474-3479|49, 463, 47|965, 2213, 47, 49, 14, 342, 1094, 1923, 5, 6
475-109|6, 2658, 5|965, 2213, 47, 49, 14, 342, 1094, 1923, 5, 6
476-530|1408, 101, 2659, 47|965, 2213, 47, 49, 14, 342, 1094, 1923, 5, 6
477-1944|1896|965, 2213, 47, 49, 14, 342, 1094, 1923, 5, 6
478-250|2590, 93|965, 2213, 47, 49, 14, 342, 1094, 1923, 5, 6
479-1601|48, 986, 1656, 84, 457|965, 2213, 47, 49, 14, 342, 1094, 1923, 5, 6
480-2460|60|965, 2213, 47, 49, 14, 342, 1094, 1923, 5, 6
481-3908|107|965, 2213, 47, 49, 14, 342, 1094, 1923, 5, 6
482-661|85|965, 2213, 47, 49, 14, 342, 1094, 1923, 5, 6
483-4357|107, 2665, 280, 254, 40, 64, 93|965, 2213, 47, 49, 14, 342, 1094, 1923, 5, 6
484-2455|1825, 1376|965, 2213, 47, 49, 14, 342, 1094, 1923, 5, 6
485-1011|670, 630|965, 2213, 47, 49, 14, 342, 1094, 1923, 5, 6
486-1893|905, 311, 1552|965, 2213, 47, 49, 14, 342, 1094, 1923, 5, 6
487-2030|2575|965, 2213, 47, 49, 14, 342, 1094, 1923, 5, 6
488-569|107, 942, 47|965, 2213, 47, 49, 14, 342, 1094, 1923, 5, 6
489-1215|917, 15, 47|965, 2213, 47, 49, 14, 342, 1094, 1923, 5, 6
490-2551|13|965, 2213, 47, 49, 14, 342, 1094, 1923, 5, 6
491-3942|92, 26|965, 2213, 47, 49, 14, 342, 1094, 1923, 5, 6
492-1245|815|965, 2213, 47, 49, 14, 342, 1094, 1923, 5, 6
493-350|1427|965, 2213, 47, 49, 14, 342, 1094, 1923, 5, 6
494-1562|1300|965, 2213, 47, 49, 14, 342, 1094, 1923, 5, 6
495-3950|3690, 487|965, 2213, 47, 49, 14, 342, 1094, 1923, 5, 6
496-1456|2313, 14, 47|965, 2213, 47, 49, 14, 342, 1094, 1923, 5, 6
497-368|1094|965, 2213, 47, 49, 14, 342, 1094, 1923, 5, 6
498-1961|228, 1046, 94, 863, 498, 1566|965, 2213, 47, 49, 14, 342, 1094, 1923, 5, 6
499-3968|2739|965, 2213, 47, 49, 14, 342, 1094, 1923, 5, 6
500-4038|181, 2741, 2743|965, 2213, 47, 49, 14, 342, 1094, 1923, 5, 6
501-4028|117, 2741, 2748, 2746, 2742, 3641, 2749|965, 2213, 47, 49, 14, 342, 1094, 1923, 5, 6
502-5|222, 2179|965, 2213, 47, 49, 14, 342, 1094, 1923, 5, 6
503-361|45, 61, 63, 1427|965, 2213, 47, 49, 14, 342, 1094, 1923, 5, 6
504-557|599, 547, 47, 5|965, 2213, 47, 49, 14, 342, 1094, 1923, 5, 6
505-234|153, 254, 1357|965, 2213, 47, 49, 14, 342, 1094, 1923, 5, 6
506-3858|154, 2567, 2756, 64|965, 2213, 47, 49, 14, 342, 1094, 1923, 5, 6
507-4044|184, 2757, 2759|965, 2213, 47, 49, 14, 342, 1094, 1923, 5, 6
508-4043|2758, 2757, 604|965, 2213, 47, 49, 14, 342, 1094, 1923, 5, 6
509-1732|65|965, 2213, 47, 49, 14, 342, 1094, 1923, 5, 6
510-1288|2650|965, 2213, 47, 49, 14, 342, 1094, 1923, 5, 6
511-378|79, 406|965, 2213, 47, 49, 14, 342, 1094, 1923, 5, 6
512-4045|107, 511|965, 2213, 47, 49, 14, 342, 1094, 1923, 5, 6
513-262|106, 2, 29, 63, 144, 246, 408|965, 2213, 47, 49, 14, 342, 1094, 1923, 5, 6
514-1796|1737, 102|965, 2213, 47, 49, 14, 342, 1094, 1923, 5, 6
515-1023|2762, 2763|965, 2213, 47, 49, 14, 342, 1094, 1923, 5, 6
516-311|2130|965, 2213, 47, 49, 14, 342, 1094, 1923, 5, 6
517-349|2764, 725|965, 2213, 47, 49, 14, 342, 1094, 1923, 5, 6
518-244|171, 239|965, 2213, 47, 49, 14, 342, 1094, 1923, 5, 6
519-1640|736, 93|965, 2213, 47, 49, 14, 342, 1094, 1923, 5, 6
520-3500|403, 52|965, 2213, 47, 49, 14, 342, 1094, 1923, 5, 6
521-3952|655|965, 2213, 47, 49, 14, 342, 1094, 1923, 5, 6
522-814|2767|965, 2213, 47, 49, 14, 342, 1094, 1923, 5, 6
523-2007|794, 2106|965, 2213, 47, 49, 14, 342, 1094, 1923, 5, 6
524-1564|1306, 1296, 1307, 1297, 1294|965, 2213, 47, 49, 14, 342, 1094, 1923, 5, 6
525-4052|107, 6, 1294|965, 2213, 47, 49, 14, 342, 1094, 1923, 5, 6
526-3537|130, 6, 14, 5, 1157|965, 2213, 47, 49, 14, 342, 1094, 1923, 5, 6
527-140|203, 45, 194, 461, 26|965, 2213, 47, 49, 14, 342, 1094, 1923, 5, 6
528-4052|107, 1293|965, 2213, 47, 49, 14, 342, 1094, 1923, 5, 6
529-3466|184, 2771, 2074, 939|965, 2213, 47, 49, 14, 342, 1094, 1923, 5, 6
530-242|32, 582, 14, 105, 149|965, 2213, 47, 49, 14, 342, 1094, 1923, 5, 6
531-14|49|965, 2213, 47, 49, 14, 342, 1094, 1923, 5, 6
532-3568|2772, 831, 611, 819|965, 2213, 47, 49, 14, 342, 1094, 1923, 5, 6
533-180|14, 113|965, 2213, 47, 49, 14, 342, 1094, 1923, 5, 6
534-1668|645|965, 2213, 47, 49, 14, 342, 1094, 1923, 5, 6
535-134|60, 1390, 655, 2829|965, 2213, 47, 49, 14, 342, 1094, 1923, 5, 6
536-4050|2362, 1025, 654, 2058|965, 2213, 47, 49, 14, 342, 1094, 1923, 5, 6
537-1502|973, 494|965, 2213, 47, 49, 14, 342, 1094, 1923, 5, 6
538-113|29, 1849, 178, 180, 179, 143, 47|965, 2213, 47, 49, 14, 342, 1094, 1923, 5, 6
539-109|6, 645, 14|965, 2213, 47, 49, 14, 342, 1094, 1923, 5, 6
540-2082|163, 1200, 392|965, 2213, 47, 49, 14, 342, 1094, 1923, 5, 6
541-167|2776|965, 2213, 47, 49, 14, 342, 1094, 1923, 5, 6
542-4058|2200, 2777|965, 2213, 47, 49, 14, 342, 1094, 1923, 5, 6
543-2420|731|965, 2213, 47, 49, 14, 342, 1094, 1923, 5, 6
544-2573|1180, 18, 48, 206|965, 2213, 47, 49, 14, 342, 1094, 1923, 5, 6
545-1815|184, 1523, 29, 79, 213|965, 2213, 47, 49, 14, 342, 1094, 1923, 5, 6
546-2632|258, 2, 1356, 29, 859, 340, 1814, 179, 1727, 611, 490, 1756, 686, 313, 660|965, 2213, 47, 49, 14, 342, 1094, 1923, 5, 6
547-2610|85, 1921, 2024, 2021|965, 2213, 47, 49, 14, 342, 1094, 1923, 5, 6
548-767|2778, 2780, 2779|965, 2213, 47, 49, 14, 342, 1094, 1923, 5, 6
549-280|154, 40, 296, 425, 22|965, 2213, 47, 49, 14, 342, 1094, 1923, 5, 6
550-235|206|965, 2213, 47, 49, 14, 342, 1094, 1923, 5, 6
551-4300|2781, 2782|965, 2213, 47, 49, 14, 342, 1094, 1923, 5, 6
552-2489|1854|965, 2213, 47, 49, 14, 342, 1094, 1923, 5, 6
553-4355|1854, 14|965, 2213, 47, 49, 14, 342, 1094, 1923, 5, 6
554-458|6, 906, 1854, 259|965, 2213, 47, 49, 14, 342, 1094, 1923, 5, 6
555-3498|2100, 2103|965, 2213, 47, 49, 14, 342, 1094, 1923, 5, 6
556-4357|107, 45, 2665, 41, 64, 26, 138|965, 2213, 47, 49, 14, 342, 1094, 1923, 5, 6
557-1496|239, 246, 47|965, 2213, 47, 49, 14, 342, 1094, 1923, 5, 6
558-4115|1852, 2785, 1853, 2786, 2788, 2787, 1852, 2789|965, 2213, 47, 49, 14, 342, 1094, 1923, 5, 6
559-103|469, 1947, 1948|965, 2213, 47, 49, 14, 342, 1094, 1923, 5, 6
560-1434|462, 1182, 1339|965, 2213, 47, 49, 14, 342, 1094, 1923, 5, 6
561-4118|281, 868, 2793|965, 2213, 47, 49, 14, 342, 1094, 1923, 5, 6
562-3859|696, 2117, 304|965, 2213, 47, 49, 14, 342, 1094, 1923, 5, 6
563-4320|2803, 2812, 2804, 2805, 2807|965, 2213, 47, 49, 14, 342, 1094, 1923, 5, 6
564-978|179, 266|965, 2213, 47, 49, 14, 342, 1094, 1923, 5, 6
565-1911|1557, 634|965, 2213, 47, 49, 14, 342, 1094, 1923, 5, 6
566-3852|2561, 1200|965, 2213, 47, 49, 14, 342, 1094, 1923, 5, 6
567-1214|219, 68, 2058|965, 2213, 47, 49, 14, 342, 1094, 1923, 5, 6
568-541|535, 32, 14|965, 2213, 47, 49, 14, 342, 1094, 1923, 5, 6
569-3876|2819, 1763, 2257|965, 2213, 47, 49, 14, 342, 1094, 1923, 5, 6
570-4142|1094|965, 2213, 47, 49, 14, 342, 1094, 1923, 5, 6
571-1052|1403, 487, 994, 3652|965, 2213, 47, 49, 14, 342, 1094, 1923, 5, 6
572-900|961|965, 2213, 47, 49, 14, 342, 1094, 1923, 5, 6
573-2728|1094|965, 2213, 47, 49, 14, 342, 1094, 1923, 5, 6
574-622|677, 2549, 514|965, 2213, 47, 49, 14, 342, 1094, 1923, 5, 6
575-4149|1094|965, 2213, 47, 49, 14, 342, 1094, 1923, 5, 6
576-4299|8, 2018, 237|965, 2213, 47, 49, 14, 342, 1094, 1923, 5, 6
577-1016|271, 225, 812, 85, 247, 273, 6, 40, 266, 5, 717|965, 2213, 47, 49, 14, 342, 1094, 1923, 5, 6
578-2082|582, 2822, 2823, 1074|965, 2213, 47, 49, 14, 342, 1094, 1923, 5, 6
579-1187|1094|965, 2213, 47, 49, 14, 342, 1094, 1923, 5, 6
580-3910|1094|965, 2213, 47, 49, 14, 342, 1094, 1923, 5, 6
581-2825|490|965, 2213, 47, 49, 14, 342, 1094, 1923, 5, 6
582-4354|1448, 2634|965, 2213, 47, 49, 14, 342, 1094, 1923, 5, 6
583-1318|60, 224, 1130, 213, 2825, 357|965, 2213, 47, 49, 14, 342, 1094, 1923, 5, 6
584-3472|462, 436, 213, 345|965, 2213, 47, 49, 14, 342, 1094, 1923, 5, 6
585-3920|184, 2649, 1059|965, 2213, 47, 49, 14, 342, 1094, 1923, 5, 6
586-104|1240|965, 2213, 47, 49, 14, 342, 1094, 1923, 5, 6
587-3472|417|965, 2213, 47, 49, 14, 342, 1094, 1923, 5, 6
588-1811|519, 634, 64|965, 2213, 47, 49, 14, 342, 1094, 1923, 5, 6
589-149|1030|965, 2213, 47, 49, 14, 342, 1094, 1923, 5, 6
590-2525|498, 2519|965, 2213, 47, 49, 14, 342, 1094, 1923, 5, 6
591-1035|85, 45, 958, 808|965, 2213, 47, 49, 14, 342, 1094, 1923, 5, 6
592-763|2831, 735, 554, 553|965, 2213, 47, 49, 14, 342, 1094, 1923, 5, 6
593-149|794, 2094, 47|965, 2213, 47, 49, 14, 342, 1094, 1923, 5, 6
594-3910|663|965, 2213, 47, 49, 14, 342, 1094, 1923, 5, 6
595-1788|1094|965, 2213, 47, 49, 14, 342, 1094, 1923, 5, 6
596-3770|2609|965, 2213, 47, 49, 14, 342, 1094, 1923, 5, 6
597-2033|715, 282, 253, 2607, 2116, 376|965, 2213, 47, 49, 14, 342, 1094, 1923, 5, 6
598-1578|45, 114, 47, 49|965, 2213, 47, 49, 14, 342, 1094, 1923, 5, 6
599-242|489, 262|965, 2213, 47, 49, 14, 342, 1094, 1923, 5, 6
600-1140|378, 1808, 43|965, 2213, 47, 49, 14, 342, 1094, 1923, 5, 6
601-3930|1094|965, 2213, 47, 49, 14, 342, 1094, 1923, 5, 6
602-2597|128|965, 2213, 47, 49, 14, 342, 1094, 1923, 5, 6
603-388|484|965, 2213, 47, 49, 14, 342, 1094, 1923, 5, 6
604-681|94, 335, 841, 1201|965, 2213, 47, 49, 14, 342, 1094, 1923, 5, 6
605-4200|1358, 3028, 3029, 1943, 2002, 3030, 3031, 3032, 2857, 3033, 3034, 3035, 3036|965, 2213, 47, 49, 14, 342, 1094, 1923, 5, 6
606-4282|1448, 595, 3059, 1943, 1599, 3022, 2982, 3606, 2634, 1598, 3038, 3024|965, 2213, 47, 49, 14, 342, 1094, 1923, 5, 6
607-2131|3562, 354|965, 2213, 47, 49, 14, 342, 1094, 1923, 5, 6
608-4268|2979, 3019, 1943, 3536, 3537, 3538|965, 2213, 47, 49, 14, 342, 1094, 1923, 5, 6
609-4206|1448, 3059, 1943, 1599, 3022, 3025, 2634, 3024, 3060|965, 2213, 47, 49, 14, 342, 1094, 1923, 5, 6
610-571|789|965, 2213, 47, 49, 14, 342, 1094, 1923, 5, 6
611-3830|365, 149|965, 2213, 47, 49, 14, 342, 1094, 1923, 5, 6
612-527|163, 395, 5|965, 2213, 47, 49, 14, 342, 1094, 1923, 5, 6
613-124|29, 154, 144, 84|965, 2213, 47, 49, 14, 342, 1094, 1923, 5, 6
614-3883|3611, 376|965, 2213, 47, 49, 14, 342, 1094, 1923, 5, 6
615-1337|246|965, 2213, 47, 49, 14, 342, 1094, 1923, 5, 6
616-4299|107, 3613|965, 2213, 47, 49, 14, 342, 1094, 1923, 5, 6
617-4081|3616, 207|965, 2213, 47, 49, 14, 342, 1094, 1923, 5, 6
618-750|1094|965, 2213, 47, 49, 14, 342, 1094, 1923, 5, 6
619-9|36|965, 2213, 47, 49, 14, 342, 1094, 1923, 5, 6
620-4156|213, 2790|965, 2213, 47, 49, 14, 342, 1094, 1923, 5, 6
621-2750|1937, 360, 813|965, 2213, 47, 49, 14, 342, 1094, 1923, 5, 6
622-1758|683, 32, 880, 848|965, 2213, 47, 49, 14, 342, 1094, 1923, 5, 6
623-398|644, 1667|965, 2213, 47, 49, 14, 342, 1094, 1923, 5, 6
624-4081|3615|965, 2213, 47, 49, 14, 342, 1094, 1923, 5, 6
625-1023|3633, 1001, 3634, 3617, 3618, 3619|965, 2213, 47, 49, 14, 342, 1094, 1923, 5, 6
626-1000|79|965, 2213, 47, 49, 14, 342, 1094, 1923, 5, 6
627-793|432, 588, 589|965, 2213, 47, 49, 14, 342, 1094, 1923, 5, 6
628-4303|462, 2746|965, 2213, 47, 49, 14, 342, 1094, 1923, 5, 6
629-697|1667|965, 2213, 47, 49, 14, 342, 1094, 1923, 5, 6
630-823|50, 47, 49|965, 2213, 47, 49, 14, 342, 1094, 1923, 5, 6
631-1943|3645|965, 2213, 47, 49, 14, 342, 1094, 1923, 5, 6
632-1353|14|965, 2213, 47, 49, 14, 342, 1094, 1923, 5, 6
633-623|313, 189|965, 2213, 47, 49, 14, 342, 1094, 1923, 5, 6
634-4310|1094|965, 2213, 47, 49, 14, 342, 1094, 1923, 5, 6
635-3815|254|965, 2213, 47, 49, 14, 342, 1094, 1923, 5, 6
636-812|1095|965, 2213, 47, 49, 14, 342, 1094, 1923, 5, 6
637-3931|154, 528|965, 2213, 47, 49, 14, 342, 1094, 1923, 5, 6
638-307|59, 92, 145|965, 2213, 47, 49, 14, 342, 1094, 1923, 5, 6
639-347|3648, 1714, 1100, 278, 2463|965, 2213, 47, 49, 14, 342, 1094, 1923, 5, 6
640-1505|59, 794, 114|965, 2213, 47, 49, 14, 342, 1094, 1923, 5, 6
641-3360|224, 1132, 1130, 213, 357, 221|965, 2213, 47, 49, 14, 342, 1094, 1923, 5, 6
642-620|45, 159, 160, 47, 49|965, 2213, 47, 49, 14, 342, 1094, 1923, 5, 6
643-3360|224, 1130, 689, 213, 2825, 426|965, 2213, 47, 49, 14, 342, 1094, 1923, 5, 6
644-189|1181, 3653|965, 2213, 47, 49, 14, 342, 1094, 1923, 5, 6
645-330|79, 163, 1384, 1688, 1238|965, 2213, 47, 49, 14, 342, 1094, 1923, 5, 6
646-2492|239, 378, 15|965, 2213, 47, 49, 14, 342, 1094, 1923, 5, 6
647-2506|1040, 745, 156, 1808|965, 2213, 47, 49, 14, 342, 1094, 1923, 5, 6
648-1944|1094|965, 2213, 47, 49, 14, 342, 1094, 1923, 5, 6
649-2576|6, 13, 926, 676, 1684|965, 2213, 47, 49, 14, 342, 1094, 1923, 5, 6
650-1408|144, 1445, 2257|965, 2213, 47, 49, 14, 342, 1094, 1923, 5, 6
651-777|889, 914, 6, 755|965, 2213, 47, 49, 14, 342, 1094, 1923, 5, 6
652-3908|224, 440, 85, 3656, 308, 528|965, 2213, 47, 49, 14, 342, 1094, 1923, 5, 6
653-770|3657, 1148|965, 2213, 47, 49, 14, 342, 1094, 1923, 5, 6
654-1023|2773, 1431, 540|965, 2213, 47, 49, 14, 342, 1094, 1923, 5, 6
655-973|517|965, 2213, 47, 49, 14, 342, 1094, 1923, 5, 6
656-837|298, 207, 237|965, 2213, 47, 49, 14, 342, 1094, 1923, 5, 6
657-1370|2097|965, 2213, 47, 49, 14, 342, 1094, 1923, 5, 6
658-335|22|965, 2213, 47, 49, 14, 342, 1094, 1923, 5, 6
659-22|2, 3, 638, 6, 77, 259|965, 2213, 47, 49, 14, 342, 1094, 1923, 5, 6
660-115|3674|965, 2213, 47, 49, 14, 342, 1094, 1923, 5, 6
661-3886|1094|965, 2213, 47, 49, 14, 342, 1094, 1923, 5, 6
662-342|154, 270, 108, 40, 425|965, 2213, 47, 49, 14, 342, 1094, 1923, 5, 6
663-3802|560, 64, 26, 167, 1946|965, 2213, 47, 49, 14, 342, 1094, 1923, 5, 6
664-4328|107|965, 2213, 47, 49, 14, 342, 1094, 1923, 5, 6
665-4327|107|965, 2213, 47, 49, 14, 342, 1094, 1923, 5, 6
666-4328|1240|965, 2213, 47, 49, 14, 342, 1094, 1923, 5, 6
667-3807|2540, 41, 254, 2228, 138|965, 2213, 47, 49, 14, 342, 1094, 1923, 5, 6
668-4351|462, 213, 89, 357|965, 2213, 47, 49, 14, 342, 1094, 1923, 5, 6
669-4357|107, 2665, 41, 64, 26|965, 2213, 47, 49, 14, 342, 1094, 1923, 5, 6
670-434|239|965, 2213, 47, 49, 14, 342, 1094, 1923, 5, 6
671-398|3677|965, 2213, 47, 49, 14, 342, 1094, 1923, 5, 6
672-4351|462, 2824, 213, 89, 357|965, 2213, 47, 49, 14, 342, 1094, 1923, 5, 6
673-4339|45, 6, 570, 3681, 31, 3679, 3683|965, 2213, 47, 49, 14, 342, 1094, 1923, 5, 6
674-1853|1094|965, 2213, 47, 49, 14, 342, 1094, 1923, 5, 6
675-4315|3670, 3294|965, 2213, 47, 49, 14, 342, 1094, 1923, 5, 6
676-4339|107, 45, 462, 6, 570, 3681, 31, 3679, 3683|965, 2213, 47, 49, 14, 342, 1094, 1923, 5, 6
677-3319|1123, 1059, 820|965, 2213, 47, 49, 14, 342, 1094, 1923, 5, 6
678-1057|32, 641, 30, 1128|965, 2213, 47, 49, 14, 342, 1094, 1923, 5, 6
679-1797|1094|965, 2213, 47, 49, 14, 342, 1094, 1923, 5, 6
680-1601|1094|965, 2213, 47, 49, 14, 342, 1094, 1923, 5, 6
681-2333|142, 342, 848, 15|965, 2213, 47, 49, 14, 342, 1094, 1923, 5, 6
682-4303|107|965, 2213, 47, 49, 14, 342, 1094, 1923, 5, 6
683-253|29, 277|965, 2213, 47, 49, 14, 342, 1094, 1923, 5, 6
684-4097|29, 2553, 620, 207, 2361|965, 2213, 47, 49, 14, 342, 1094, 1923, 5, 6
685-3835|1763, 207, 2612|965, 2213, 47, 49, 14, 342, 1094, 1923, 5, 6
686-3937|107, 1807|965, 2213, 47, 49, 14, 342, 1094, 1923, 5, 6
687-793|2114, 1389|965, 2213, 47, 49, 14, 342, 1094, 1923, 5, 6
688-4358|107, 3684|965, 2213, 47, 49, 14, 342, 1094, 1923, 5, 6
689-4356|107, 2631, 2632|965, 2213, 47, 49, 14, 342, 1094, 1923, 5, 6
690-4330|107, 224, 6, 1158, 3685, 1580|965, 2213, 47, 49, 14, 342, 1094, 1923, 5, 6
691-4347|107|965, 2213, 47, 49, 14, 342, 1094, 1923, 5, 6
692-4348|341, 85, 1664, 279|965, 2213, 47, 49, 14, 342, 1094, 1923, 5, 6
693-9|36|965, 2213, 47, 49, 14, 342, 1094, 1923, 5, 6
694-1872|474|965, 2213, 47, 49, 14, 342, 1094, 1923, 5, 6
695-292|10, 12, 430, 26|965, 2213, 47, 49, 14, 342, 1094, 1923, 5, 6
696-4047|193, 1130, 221|965, 2213, 47, 49, 14, 342, 1094, 1923, 5, 6
697-1944|1094|965, 2213, 47, 49, 14, 342, 1094, 1923, 5, 6
698-4334|107|965, 2213, 47, 49, 14, 342, 1094, 1923, 5, 6
699-4148|107|965, 2213, 47, 49, 14, 342, 1094, 1923, 5, 6
700-4134|29, 338, 1211, 1192, 1193|965, 2213, 47, 49, 14, 342, 1094, 1923, 5, 6
701-3878|247, 1129|965, 2213, 47, 49, 14, 342, 1094, 1923, 5, 6
702-242|3693, 239, 3692, 461, 14, 1534, 717, 189|965, 2213, 47, 49, 14, 342, 1094, 1923, 5, 6
703-4358|107, 18, 6, 5, 1238|965, 2213, 47, 49, 14, 342, 1094, 1923, 5, 6
704-4358|107, 794, 18, 42, 5, 1238|965, 2213, 47, 49, 14, 342, 1094, 1923, 5, 6
705-4298|107|965, 2213, 47, 49, 14, 342, 1094, 1923, 5, 6
706-3810|2539, 188|965, 2213, 47, 49, 14, 342, 1094, 1923, 5, 6
707-4329|2665, 2826, 213, 357|965, 2213, 47, 49, 14, 342, 1094, 1923, 5, 6
708-4337|107, 101|965, 2213, 47, 49, 14, 342, 1094, 1923, 5, 6
